Unnamed: 0,id,Patient ID,Name,Date of Birth,Age,Gender,Blood Group,BMI,Address,PIN Code,Health Condition,BMI_encoded,PIN Code_encoded
0,1,P0001-4207-2,Vedika Chand,1942-07-03,83,Female,A+,25.3,"32/81
Kashyap Zila",560019,Dementia,106,19
1,2,P0002-6403-1,Samarth Sabharwal,1964-03-03,61,Male,O+,21.9,"H.No. 046
Kota Marg",560022,Sleep Apnea,72,22
2,3,P0003-0509-2,Purab Barman,2005-09-23,19,Female,B+,21.8,"22
Kapadia Marg",560028,Depression,71,28
3,4,P0004-7711-2,Prerak Dhillon,1977-11-14,47,Female,A-,26.4,"H.No. 731, Lal Nagar",562009,Heart Disease,117,69
4,5,P0005-0103-1,Anvi Sridhar,2001-03-11,24,Male,O-,23.3,"H.No. 819
Maharaj",560107,Osteoporosis,86,38
5,6,P0006-9506-2,Eshani Sur,1995-06-07,30,Female,B+,22.1,"685
Subramaniam Circle",562004,Epilepsy,74,64
6,7,P0007-9601-1,Anvi Ghose,1996-01-20,29,Male,A+,25.6,"29/903
Bajwa Zila",560008,Dementia,109,8
7,8,P0008-0110-2,Advik Comar,2001-10-13,23,Female,A-,26.6,"70
Kara Path",570005,Asthma,119,75
8,9,P0009-5303-1,Tejas Gera,1953-03-19,72,Male,AB+,21.7,"21, Kalita Ganj",560030,Diabetes,70,30
9,10,P0010-8210-2,Nakul Koshy,1982-10-12,42,Female,O+,29.5,"H.No. 52, Biswas Nagar",560028,Osteoporosis,148,28
10,11,P0011-4708-1,Mannat Agate,1947-08-10,77,Male,O+,26.9,"56, Keer Street",562008,Epilepsy,122,68
11,12,P0012-6209-1,Umang Bora,1962-09-28,62,Male,O+,27.8,"57, Desai Marg",561006,Healthy,131,56
12,13,P0013-9411-1,Onkar Kala,1994-11-28,30,Male,B+,22.0,"76/002, Badal Nagar",560108,Dementia,73,39
13,14,P0014-5101-1,Anika Raman,1951-01-15,74,Male,O+,25.3,"53/087
Warrior Nagar",560021,Gout,106,21
14,15,P0015-4005-2,Tejas Sodhi,1940-05-27,85,Female,O+,26.1,"H.No. 598
Chakrabarti Nagar",560102,Epilepsy,114,33
15,16,P0016-8408-2,Alia Balay,1984-08-14,40,Female,O+,25.1,"31/04, Handa Zila",560006,Osteoporosis,104,6
16,17,P0017-4106-2,Jayant Kota,1941-06-11,84,Female,O-,25.6,"H.No. 238
Deshmukh",571004,Asthma,109,84
17,18,P0018-6910-2,Divit Sangha,1969-10-04,55,Female,O+,25.5,"320, Hari Nagar",560025,Gout,108,25
18,19,P0019-5808-1,Mohanlal Sarraf,1958-08-31,66,Male,AB+,22.2,"926
Kale Marg",560028,Hypertension,75,28
19,20,P0020-9301-1,Ivana Kunda,1993-01-06,32,Male,B+,23.6,"H.No. 76, Rajagopalan Street",562010,Asthma,89,70
20,21,P0021-7902-1,Vardaniya Salvi,1979-02-09,46,Male,B-,21.3,"853
Karan Marg",571009,Epilepsy,66,89
21,22,P0022-0212-2,Ela Chada,2002-12-18,22,Female,O+,24.7,"56/39
Krish Nagar",572010,Heart Disease,100,100
22,23,P0023-7302-1,Stuvan Kumer,1973-02-11,52,Male,AB+,23.6,"42, Rege",561009,Gout,89,59
23,24,P0024-4811-1,Hiran Kade,1948-11-29,76,Male,B+,26.6,"H.No. 682
Shah",562001,Osteoporosis,119,61
24,25,P0025-4210-1,Pihu Sachdeva,1942-10-24,82,Male,O+,24.2,"H.No. 67
Tandon Chowk",572004,Diabetes,95,94
25,26,P0026-9207-2,Damini Chaudhry,1992-07-31,32,Female,O+,24.8,"H.No. 051, Kanda Road",572009,Gout,101,99
26,27,P0027-8512-2,Aarush Bhavsar,1985-12-24,39,Female,O+,25.2,"30, Khanna Ganj",560104,Hypertension,105,35
27,28,P0028-6211-1,Badal Sachdev,1962-11-12,62,Male,AB+,24.4,"H.No. 528
Krish Path",562008,Gout,97,68
28,29,P0029-9212-2,Tushar Sharma,1992-12-09,32,Female,A+,24.5,"H.No. 619
Ram Street",560100,Sleep Apnea,98,31
29,30,P0030-5307-2,Kiaan Chada,1953-07-16,72,Female,O-,23.5,"98, Vora Marg",560026,Epilepsy,88,26
30,31,P0031-7603-1,Ela Khanna,1976-03-22,49,Male,O+,22.6,"H.No. 082
Aurora Marg",561001,Sleep Apnea,79,51
31,32,P0032-5004-1,Divit Sule,1950-04-10,75,Male,B+,26.4,"H.No. 041
Dhaliwal Road",571002,Asthma,117,82
32,33,P0033-5005-1,Lakshit Barad,1950-05-18,75,Male,O+,27.0,"H.No. 62, Sinha Ganj",560203,Osteoporosis,123,44
33,34,P0034-6202-1,Trisha Rajagopalan,1962-02-01,63,Male,B-,26.2,"H.No. 56, Tara Zila",570007,Hypertension,115,77
34,35,P0035-6701-2,Lagan Sen,1967-01-11,58,Female,A+,26.6,"67/20
Garg Ganj",561002,Diabetes,119,52
35,36,P0036-8203-2,Rohan Raju,1982-03-25,43,Female,O+,19.3,"416, Savant Road",560014,Healthy,46,14
36,37,P0037-8605-2,Eshani Mammen,1986-05-03,39,Female,O+,22.6,"H.No. 631, Bhatia Ganj",560107,Depression,79,38
37,38,P0038-4311-2,Aayush Sinha,1943-11-16,81,Female,AB+,24.7,"H.No. 535
Chopra Road",572001,Depression,100,91
38,39,P0039-9603-1,Emir Gola,1996-03-09,29,Male,O+,21.7,"H.No. 98, Lall Nagar",560005,Hypertension,70,5
39,40,P0040-9606-2,Romil Chacko,1996-06-23,29,Female,O+,25.3,"58/75, Roy Ganj",572001,Depression,106,91
40,41,P0041-4203-1,Elakshi Salvi,1942-03-14,83,Male,O+,26.8,"97
Kalla",570010,Sleep Apnea,121,80
41,42,P0042-8612-2,Aarush Sridhar,1986-12-08,38,Female,B+,22.2,"693, Bath Circle",570001,Depression,75,71
42,43,P0043-6303-1,Sumer Dass,1963-03-18,62,Male,O+,24.4,"H.No. 88
Chakraborty Marg",562001,Epilepsy,97,61
43,44,P0044-7704-1,Seher Khanna,1977-04-12,48,Male,O+,21.9,"04/421
Bhasin Path",570004,Healthy,72,74
44,45,P0045-7702-1,Nirvaan Cheema,1977-02-11,48,Male,B+,22.8,"797, Mallick Zila",561003,Dementia,81,53
45,46,P0046-6908-1,Advika Vohra,1969-08-22,55,Male,B+,22.0,"20/55
Mani Street",560023,Sleep Apnea,73,23
46,47,P0047-8911-2,Urvi Goda,1989-11-29,35,Female,O+,24.7,"H.No. 73
Loyal Circle",560203,Healthy,100,44
47,48,P0048-8906-1,Tiya Agrawal,1989-06-16,36,Male,A-,21.0,"50, Kadakia Street",570002,Epilepsy,63,72
48,49,P0049-4208-2,Darshit Gour,1942-08-12,82,Female,O+,22.8,"28, Dutt Chowk",571005,Diabetes,81,85
49,50,P0050-4803-1,Trisha Sawhney,1948-03-02,77,Male,A-,24.9,"68, Singhal Road",560108,Hypertension,102,39
50,51,P0051-9004-2,Tushar Kapoor,1990-04-27,35,Female,B+,22.7,"H.No. 82, Jain Marg",560015,Gout,80,15
51,52,P0052-9108-2,Kashvi Balakrishnan,1991-08-31,33,Female,B-,26.9,"69/68
Dhillon Ganj",562007,Epilepsy,122,67
52,53,P0053-7409-2,Samaira Tella,1974-09-07,50,Female,O+,24.3,"503, Raval Marg",560103,Healthy,96,34
53,54,P0054-8310-1,Riaan Tata,1983-10-21,41,Male,A+,27.2,"H.No. 66, Singhal Circle",572002,Osteoporosis,125,92
54,55,P0055-8310-1,Rohan Sandhu,1983-10-15,41,Male,A+,29.4,"49/57
Karan Circle",560029,Healthy,147,29
55,56,P0056-7811-2,Ranbir Kulkarni,1978-11-29,46,Female,O+,24.8,"133, Kalita",560011,Dementia,101,11
56,57,P0057-4703-2,Mishti Sanghvi,1947-03-31,78,Female,A-,22.7,"89/90
Venkatesh Zila",560009,Dementia,80,9
57,58,P0058-4506-2,Armaan Acharya,1945-06-19,80,Female,B+,24.6,"H.No. 48, Bali Chowk",572002,Sleep Apnea,99,92
58,59,P0059-8609-1,Yasmin Keer,1986-09-28,38,Male,A+,21.9,"56
Sekhon Zila",560006,Epilepsy,72,6
59,60,P0060-5311-1,Ranbir Singhal,1953-11-16,71,Male,O+,25.8,"H.No. 67, Divan Marg",560017,Hypertension,111,17
60,61,P0061-4111-2,Ela Dey,1941-11-07,83,Female,A+,27.2,"70
Bose Path",560021,Asthma,125,21
61,62,P0062-9303-2,Keya Ramaswamy,1993-03-07,32,Female,AB+,23.5,"35/823, Sathe Path",561008,Epilepsy,88,58
62,63,P0063-6103-1,Lavanya Bains,1961-03-13,64,Male,O+,27.1,"H.No. 698, Dyal Road",560017,Diabetes,124,17
63,64,P0064-7203-1,Parinaaz Dasgupta,1972-03-02,53,Male,A+,18.3,"74/90, Ben Chowk",570010,Depression,36,80
64,65,P0065-7810-1,Yakshit Chanda,1978-10-19,46,Male,O+,28.5,"65/23, Dave Nagar",560204,Sleep Apnea,138,45
65,66,P0066-9307-1,Manikya Sura,1993-07-26,31,Male,B+,21.0,"H.No. 23
Deo Road",561002,Gout,63,52
66,67,P0067-6601-1,Zain Kapoor,1966-01-04,59,Male,O+,23.1,"54
Subramanian Road",572004,Healthy,84,94
67,68,P0068-6109-2,Aaina Bora,1961-09-03,63,Female,A+,23.4,"43/806, Mani Marg",560009,Dementia,87,9
68,69,P0069-4712-2,Faiyaz Mahal,1947-12-01,77,Female,A-,22.1,"33/35, Shroff Ganj",561005,Asthma,74,55
69,70,P0070-9801-1,Yuvaan Chaudry,1998-01-26,27,Male,O+,26.5,"11/015
Chokshi Circle",560101,Epilepsy,118,32
70,71,P0071-8312-2,Pranay Dugal,1983-12-15,41,Female,O+,18.8,"H.No. 79, Sridhar Chowk",562009,Depression,41,69
71,72,P0072-9707-1,Onkar Chana,1997-07-24,27,Male,O+,23.3,"H.No. 40
Gour Road",560021,Heart Disease,86,21
72,73,P0073-9410-1,Prerak Chaudhary,1994-10-13,30,Male,O+,21.0,"52, Buch Street",570010,Heart Disease,63,80
73,74,P0074-4110-1,Eshani Doshi,1941-10-05,83,Male,A-,23.7,"H.No. 757, Agate Street",570010,Healthy,90,80
74,75,P0075-7611-2,Divit Gole,1976-11-30,48,Female,B+,22.9,"H.No. 437, Yohannan Nagar",560023,Hypertension,82,23
75,76,P0076-9011-1,Kabir Loyal,1990-11-08,34,Male,A+,26.1,"05
Toor Marg",570006,Asthma,114,76
76,77,P0077-6502-1,Oorja Lall,1965-02-14,60,Male,A+,27.4,"37/682
Divan Marg",560005,Depression,127,5
77,78,P0078-5311-2,Nirvaan Butala,1953-11-07,71,Female,AB+,19.6,"75/61, Dave Street",570006,Depression,49,76
78,79,P0079-9906-2,Parinaaz Samra,1999-06-19,26,Female,O+,25.5,"162
Thakkar",570008,Hypertension,108,78
79,80,P0080-5910-2,Jivika Cheema,1959-10-13,65,Female,B+,22.6,"H.No. 084, Tailor Marg",561009,Asthma,79,59
80,81,P0081-4311-2,Charvi Shenoy,1943-11-30,81,Female,A+,23.8,"H.No. 227, Dora Circle",560024,Sleep Apnea,91,24
81,82,P0082-7906-1,Mohanlal Kumer,1979-06-29,46,Male,O+,24.0,"H.No. 398, Sunder Nagar",571005,Depression,93,85
82,83,P0083-8106-2,Advika Sundaram,1981-06-07,44,Female,O-,27.3,"H.No. 51
Krishnamurthy",560027,Healthy,126,27
83,84,P0084-7408-2,Trisha Din,1974-08-07,50,Female,B+,23.2,"H.No. 329
Sarin Zila",570004,Heart Disease,85,74
84,85,P0085-0112-1,Sumer Bhatti,2001-12-17,23,Male,O-,23.8,"23/933, Dey Chowk",572008,Sleep Apnea,91,98
85,86,P0086-5904-2,Hunar Subramanian,1959-04-15,66,Female,O+,23.5,"00, Hayer Ganj",560008,Heart Disease,88,8
86,87,P0087-0501-2,Raghav Divan,2005-01-20,20,Female,O+,23.3,"80, Barad Street",560005,Asthma,86,5
87,88,P0088-7408-1,Ehsaan Kala,1974-08-24,50,Male,B+,23.1,"H.No. 056, Deshmukh Circle",571010,Sleep Apnea,84,90
88,89,P0089-9207-2,Suhana Karnik,1992-07-17,32,Female,B-,23.8,"377, Chaudhari Street",560013,Heart Disease,91,13
89,90,P0090-9212-2,Vivaan Ganguly,1992-12-31,32,Female,B+,23.9,"H.No. 85
Sami Chowk",562005,Osteoporosis,92,65
90,91,P0091-9105-2,Krish Bora,1991-05-02,34,Female,O+,23.8,"H.No. 902, Maharaj Path",561005,Asthma,91,55
91,92,P0092-4306-2,Vivaan Dara,1943-06-13,82,Female,AB+,20.4,"00/543, Jain",560204,Heart Disease,57,45
92,93,P0093-4607-2,Drishya Bandi,1946-07-01,79,Female,B+,23.4,"93/12
Dutta",560013,Hypertension,87,13
93,94,P0094-7305-2,Khushi Devi,1973-05-18,52,Female,O-,23.2,"46/89
Dhingra Circle",572002,Osteoporosis,85,92
94,95,P0095-5709-1,Alia Venkatesh,1957-09-30,67,Male,A-,28.1,"H.No. 29
Sharma Path",571010,Gout,134,90
95,96,P0096-0109-2,Akarsh Bhagat,2001-09-27,23,Female,A+,22.5,"07/945
Sampath Nagar",570004,Healthy,78,74
96,97,P0097-6108-2,Reyansh Solanki,1961-08-04,63,Female,AB+,22.7,"23, Rastogi",572001,Dementia,80,91
97,98,P0098-9009-2,Vedika Kalita,1990-09-04,34,Female,O+,22.3,"H.No. 30, Hans Ganj",571009,Gout,76,89
98,99,P0099-4605-1,Keya Deshmukh,1946-05-10,79,Male,A+,25.3,"74, Wali Road",572007,Healthy,106,97
99,100,P0100-4708-2,Aradhya Aurora,1947-08-26,77,Female,A+,24.9,"32, Ganesan Road",560109,Depression,102,40
100,101,P0101-7805-2,Navya Subramaniam,1978-05-19,47,Female,A+,24.3,"214, Das Ganj",560206,Healthy,96,47
101,102,P0102-6910-1,Rohan Sawhney,1969-10-11,55,Male,B+,24.4,"H.No. 09, Balan Nagar",562005,Diabetes,97,65
102,103,P0103-5001-1,Parinaaz Chaudhry,1950-01-13,75,Male,AB+,24.1,"53, Bains Nagar",560106,Heart Disease,94,37
103,104,P0104-8411-2,Saanvi Bedi,1984-11-02,40,Female,A+,23.3,"H.No. 670
Malhotra Marg",560018,Gout,86,18
104,105,P0105-8811-1,Miraya Badami,1988-11-17,36,Male,B-,23.0,"H.No. 93
Shanker Road",561005,Diabetes,83,55
105,106,P0106-4407-1,Rati Sengupta,1944-07-24,80,Male,A+,25.2,"H.No. 05
Kamdar Road",562009,Hypertension,105,69
106,107,P0107-8509-2,Shanaya Choudhury,1985-09-02,39,Female,A+,22.3,"419, Jain Road",560108,Healthy,76,39
107,108,P0108-5211-2,Tiya Rajagopalan,1952-11-19,72,Female,A-,22.6,"35/580, Venkatesh Circle",570001,Depression,79,71
108,109,P0109-8702-1,Sara Bhatia,1987-02-24,38,Male,A-,26.0,"43/28, Bail Zila",572005,Dementia,113,95
109,110,P0110-4107-1,Mehul Bora,1941-07-15,84,Male,O+,23.7,"93/823
Samra Zila",571010,Hypertension,90,90
110,111,P0111-4205-1,Damini Sarkar,1942-05-21,83,Male,B+,27.3,"H.No. 42, Gill Street",560029,Diabetes,126,29
111,112,P0112-7011-2,Hiran Luthra,1970-11-25,54,Female,O+,24.1,"618, Dyal Zila",560011,Epilepsy,94,11
112,113,P0113-4712-1,Aaina Sarraf,1947-12-02,77,Male,AB+,20.6,"75/589, Deo Nagar",560026,Gout,59,26
113,114,P0114-9711-2,Adah Bakshi,1997-11-03,27,Female,O+,23.2,"82/199, Goel Ganj",561002,Heart Disease,85,52
114,115,P0115-4209-2,Tejas Sachdev,1942-09-22,82,Female,B+,25.8,"28, Manne Zila",562004,Epilepsy,111,64
115,116,P0116-8909-1,Stuvan Mallick,1989-09-10,35,Male,O+,21.4,"22/581
Sachdeva Chowk",560011,Heart Disease,67,11
116,117,P0117-6911-2,Hunar Raj,1969-11-13,55,Female,A+,25.5,"60, Kaul Chowk",570010,Hypertension,108,80
117,118,P0118-9805-1,Ela Raj,1998-05-07,27,Male,A+,24.3,"H.No. 046
Mangat Ganj",560017,Depression,96,17
118,119,P0119-7604-1,Onkar Choudhury,1976-04-09,49,Male,A+,22.8,"46/11, Dasgupta Chowk",562007,Asthma,81,67
119,120,P0120-9305-1,Stuvan Zacharia,1993-05-08,32,Male,B-,25.0,"H.No. 08
Tella",562005,Depression,103,65
120,121,P0121-9801-2,Bhamini Behl,1998-01-21,27,Female,O-,22.5,"75
Boase Ganj",570006,Healthy,78,76
121,122,P0122-4708-1,Neelofar Bhagat,1947-08-01,77,Male,AB+,23.2,"H.No. 85, Rajan Circle",572009,Asthma,85,99
122,123,P0123-6908-2,Saanvi Saini,1969-08-06,55,Female,O+,25.8,"H.No. 333
Vaidya Path",560009,Dementia,111,9
123,124,P0124-7107-2,Aniruddh Venkatesh,1971-07-26,53,Female,A+,22.8,"H.No. 478, Jaggi",560028,Epilepsy,81,28
124,125,P0125-5207-1,Pranay Devi,1952-07-25,72,Male,A-,22.9,"H.No. 92
Tandon Street",571003,Dementia,82,83
125,126,P0126-5403-1,Miraya Gaba,1954-03-06,71,Male,AB+,24.7,"H.No. 030
Doctor Ganj",570009,Depression,100,79
126,127,P0127-5007-1,Anahita Aggarwal,1950-07-07,75,Male,O+,25.6,"31
Lanka Circle",571008,Dementia,109,88
127,128,P0128-6112-2,Nitara Dyal,1961-12-28,63,Female,O+,28.5,"H.No. 155
Bali Road",571007,Sleep Apnea,138,87
128,129,P0129-5409-2,Taimur Lata,1954-09-18,70,Female,O+,21.4,"11, Bora Nagar",560200,Osteoporosis,67,41
129,130,P0130-9309-1,Anaya Varghese,1993-09-01,31,Male,A+,22.2,"91/11, Vaidya Path",570009,Epilepsy,75,79
130,131,P0131-9204-1,Kismat Jha,1992-04-10,33,Male,O+,23.2,"22
Sood Road",571004,Asthma,85,84
131,132,P0132-8905-1,Kimaya Thakkar,1989-05-16,36,Male,B+,28.6,"52/836
Sinha Chowk",562005,Sleep Apnea,139,65
132,133,P0133-6501-2,Anika Varughese,1965-01-11,60,Female,B-,26.9,"64/904, Roy Zila",561002,Healthy,122,52
133,134,P0134-5902-2,Prerak Bhakta,1959-02-18,66,Female,O+,22.0,"663, Bali",560007,Healthy,73,7
134,135,P0135-9306-1,Aayush Gala,1993-06-24,32,Male,B-,23.7,"84/398
Rajagopalan Road",562009,Gout,90,69
135,136,P0136-0006-1,Nitya Bail,2000-06-24,25,Male,O+,24.2,"H.No. 79
Ravel Circle",560103,Gout,95,34
136,137,P0137-8701-2,Kaira Mani,1987-01-17,38,Female,A+,23.1,"75/209, Bhandari Nagar",561005,Dementia,84,55
137,138,P0138-4212-1,Neysa Bir,1942-12-24,82,Male,O+,24.5,"H.No. 86
D’Alia Marg",560204,Asthma,98,45
138,139,P0139-8711-2,Ishita Yadav,1987-11-21,37,Female,AB+,23.8,"H.No. 418
Bumb Circle",560015,Hypertension,91,15
139,140,P0140-9207-2,Aarna Dugar,1992-07-23,32,Female,O-,26.3,"417, Dyal Street",560020,Heart Disease,116,20
140,141,P0141-0210-1,Vivaan Apte,2002-10-08,22,Male,B+,25.2,"H.No. 722
Buch Road",560007,Asthma,105,7
141,142,P0142-4111-1,Nitya Madan,1941-11-13,83,Male,O+,25.0,"82/309, Borde Zila",560003,Depression,103,3
142,143,P0143-7312-1,Kavya Bhat,1973-12-20,51,Male,B-,25.2,"596, Shroff Street",561006,Epilepsy,105,56
143,144,P0144-8910-2,Jivin Sibal,1989-10-01,35,Female,B+,21.5,"799
Saha Path",570002,Healthy,68,72
144,145,P0145-8202-1,Krish Agarwal,1982-02-19,43,Male,A+,27.0,"15/10
Sundaram Nagar",560018,Asthma,123,18
145,146,P0146-8801-2,Tejas Sheth,1988-01-27,37,Female,B-,24.1,"H.No. 381
Bajaj Chowk",560008,Gout,94,8
146,147,P0147-6512-1,Nitya Khatri,1965-12-06,59,Male,AB+,25.6,"34/96
Shere Street",560030,Asthma,109,30
147,148,P0148-5601-1,Ira Kibe,1956-01-24,69,Male,B-,21.1,"23
Barman Marg",560105,Asthma,64,36
148,149,P0149-9309-2,Vanya Sachdev,1993-09-21,31,Female,O+,26.2,"250
Dhar Chowk",561007,Heart Disease,115,57
149,150,P0150-5708-2,Ira Chander,1957-08-18,67,Female,O-,22.4,"H.No. 24, Raja Road",562003,Dementia,77,63
150,151,P0151-0111-1,Darshit Mangat,2001-11-15,23,Male,O+,24.2,"29/69
Wadhwa",561006,Sleep Apnea,95,56
151,152,P0152-8008-1,Vihaan Luthra,1980-08-21,44,Male,B-,21.2,"H.No. 689
Sachdev Circle",562003,Diabetes,65,63
152,153,P0153-4504-2,Advik Kalita,1945-04-11,80,Female,O+,20.2,"62, Dayal Zila",560205,Diabetes,55,46
153,154,P0154-7305-1,Jayant Mandal,1973-05-28,52,Male,O+,27.8,"H.No. 813
Dua Street",562007,Depression,131,67
154,155,P0155-9112-2,Indrajit Ghosh,1991-12-31,33,Female,O+,24.4,"H.No. 173, Manda Circle",560015,Osteoporosis,97,15
155,156,P0156-0505-2,Piya Yogi,2005-05-14,20,Female,A-,24.7,"H.No. 024
Sant Circle",570002,Osteoporosis,100,72
156,157,P0157-4906-1,Baiju Madan,1949-06-03,76,Male,AB+,30.3,"46
Raja Chowk",560026,Diabetes,156,26
157,158,P0158-8711-2,Drishya Chander,1987-11-08,37,Female,B+,26.8,"66, Sarkar Nagar",570008,Heart Disease,121,78
158,159,P0159-6812-1,Kimaya Ranganathan,1968-12-11,56,Male,B+,25.6,"07
Sehgal Marg",572005,Epilepsy,109,95
159,160,P0160-9704-1,Miraan Chokshi,1997-04-07,28,Male,O+,21.7,"40, Guha Street",560022,Epilepsy,70,22
160,161,P0161-7508-2,Advika Saxena,1975-08-03,49,Female,A-,23.2,"H.No. 556
Mahal Circle",560102,Hypertension,85,33
161,162,P0162-9601-1,Ryan Dua,1996-01-20,29,Male,O+,24.3,"71
Mallick Road",570008,Epilepsy,96,78
162,163,P0163-6610-1,Rasha Dave,1966-10-26,58,Male,AB+,23.1,"96
Krishnan Zila",560019,Osteoporosis,84,19
163,164,P0164-5010-1,Shalv D’Alia,1950-10-12,74,Male,A+,25.0,"59/75, Arya Road",560209,Sleep Apnea,103,50
164,165,P0165-4306-1,Rhea Contractor,1943-06-12,82,Male,O+,25.7,"H.No. 892
Shere Chowk",570004,Gout,110,74
165,166,P0166-6408-1,Hunar Ganguly,1964-08-20,60,Male,A+,24.7,"03, Soman Marg",570006,Depression,100,76
166,167,P0167-4612-1,Miraan Chana,1946-12-09,78,Male,AB+,22.9,"H.No. 63, Gill Chowk",560022,Depression,82,22
167,168,P0168-8207-2,Badal Randhawa,1982-07-22,42,Female,O-,27.7,"440
Sethi Zila",572001,Hypertension,130,91
168,169,P0169-6204-1,Hrishita Luthra,1962-04-18,63,Male,AB+,25.6,"40/478, Chandran Ganj",571006,Dementia,109,86
169,170,P0170-0307-2,Aarush Thaker,2003-07-29,21,Female,A+,19.2,"68/47
Dugal Zila",560012,Heart Disease,45,12
170,171,P0171-4403-2,Samarth Sethi,1944-03-05,81,Female,O+,26.5,"H.No. 992
Kuruvilla Nagar",562010,Diabetes,118,70
171,172,P0172-9903-2,Ayesha Bal,1999-03-03,26,Female,O+,24.3,"952
Bhandari Marg",560200,Heart Disease,96,41
172,173,P0173-4410-2,Pihu Behl,1944-10-14,80,Female,O-,23.4,"H.No. 06, Sarin Zila",560030,Diabetes,87,30
173,174,P0174-8504-2,Akarsh Sachar,1985-04-02,40,Female,A-,23.4,"34/782, Goyal Ganj",560206,Hypertension,87,47
174,175,P0175-8610-1,Nirvaan Lalla,1986-10-07,38,Male,B+,23.9,"H.No. 40
Agrawal",572003,Dementia,92,93
175,176,P0176-7908-1,Prisha Kota,1979-08-08,45,Male,B+,26.3,"10, Bhat Circle",560001,Epilepsy,116,1
176,177,P0177-4906-1,Taimur Garde,1949-06-08,76,Male,A+,22.2,"62/343, Kapadia Chowk",560202,Osteoporosis,75,43
177,178,P0178-4904-2,Veer Hari,1949-04-02,76,Female,A+,21.4,"H.No. 710
Dutt Ganj",572006,Epilepsy,67,96
178,179,P0179-5601-2,Onkar Kumer,1956-01-01,69,Female,A+,19.8,"38/12, Wali",561005,Heart Disease,51,55
179,180,P0180-6112-2,Alisha Doshi,1961-12-13,63,Female,B+,22.2,"26, Dalal Nagar",561008,Gout,75,58
180,181,P0181-0106-1,Akarsh Karan,2001-06-20,24,Male,B-,20.6,"H.No. 62
Ray Zila",560103,Healthy,59,34
181,182,P0182-9510-1,Taran Madan,1995-10-07,29,Male,O+,21.3,"H.No. 26
Bedi Nagar",570006,Gout,66,76
182,183,P0183-4605-2,Alia Chaudry,1946-05-18,79,Female,A-,22.5,"027
Dasgupta",561004,Diabetes,78,54
183,184,P0184-7105-2,Gokul Rana,1971-05-09,54,Female,O+,28.9,"244
Rajagopalan Road",572008,Asthma,142,98
184,185,P0185-8306-2,Eshani Ramakrishnan,1983-06-15,42,Female,O+,25.4,"45
Gole Path",562010,Heart Disease,107,70
185,186,P0186-8311-2,Indrans Sheth,1983-11-15,41,Female,B+,25.1,"851
Ramanathan Road",570007,Heart Disease,104,77
186,187,P0187-6805-1,Divyansh Sant,1968-05-06,57,Male,O-,20.6,"H.No. 662, Chahal Ganj",570002,Dementia,59,72
187,188,P0188-5212-1,Yuvraj  Balasubramanian,1952-12-10,72,Male,B+,22.9,"479, Bhavsar Road",571006,Healthy,82,86
188,189,P0189-4110-1,Diya Rout,1941-10-17,83,Male,O+,23.7,"H.No. 94, Bhatnagar",560013,Healthy,90,13
189,190,P0190-9505-2,Dharmajan Dada,1995-05-19,30,Female,B+,26.4,"51/673, Dave Road",560005,Diabetes,117,5
190,191,P0191-4812-1,Armaan Balakrishnan,1948-12-23,76,Male,O+,25.3,"01/995
Mallick Circle",561001,Diabetes,106,51
191,192,P0192-8211-1,Nirvaan Kaul,1982-11-17,42,Male,O+,24.0,"H.No. 130
Atwal Chowk",570006,Hypertension,93,76
192,193,P0193-6612-1,Dharmajan Sani,1966-12-12,58,Male,O+,20.8,"31/47
Wason Zila",560109,Diabetes,61,40
193,194,P0194-8211-1,Ryan Raval,1982-11-20,42,Male,O+,24.9,"07/18, Balakrishnan Ganj",570001,Sleep Apnea,102,71
194,195,P0195-6711-2,Ranbir Khalsa,1967-11-21,57,Female,O-,21.8,"68
Dixit Zila",560014,Epilepsy,71,14
195,196,P0196-4102-1,Jiya Deep,1941-02-27,84,Male,O-,22.2,"11
Rastogi Street",561007,Depression,75,57
196,197,P0197-9308-2,Zoya Bala,1993-08-10,31,Female,O+,22.4,"610, Doshi Nagar",570008,Dementia,77,78
197,198,P0198-4507-2,Zaina Yohannan,1945-07-09,80,Female,O+,26.4,"H.No. 503, Bhattacharyya Path",562002,Dementia,117,62
198,199,P0199-7507-1,Aayush Chander,1975-07-15,49,Male,A-,24.3,"86/67, Wadhwa Circle",560004,Osteoporosis,96,4
199,200,P0200-8311-1,Ela Dua,1983-11-15,41,Male,O-,22.7,"63/477, Tella Path",572005,Diabetes,80,95
200,201,P0201-9708-1,Purab Yadav,1997-08-25,27,Male,O+,25.7,"H.No. 92
Kant Nagar",560024,Epilepsy,110,24
201,202,P0202-7901-1,Yasmin Kaur,1979-01-25,46,Male,O-,23.1,"H.No. 361, Bhasin Circle",560202,Osteoporosis,84,43
202,203,P0203-4507-1,Tara Sood,1945-07-28,79,Male,O+,21.4,"H.No. 18
Lalla Path",560030,Epilepsy,67,30
203,204,P0204-0004-2,Pranay Kohli,2000-04-16,25,Female,O+,19.4,"19/21
Vohra Circle",560030,Heart Disease,47,30
204,205,P0205-4705-1,Aarav Saran,1947-05-01,78,Male,O+,22.1,"92/148, Bose Ganj",560025,Epilepsy,74,25
205,206,P0206-5508-2,Ojas Grewal,1955-08-19,69,Female,B-,22.3,"07/53, Tata Circle",562005,Osteoporosis,76,65
206,207,P0207-5909-2,Samaira Vohra,1959-09-11,65,Female,O+,22.7,"68
Suri Road",572006,Diabetes,80,96
207,208,P0208-8501-2,Nirvi Warrior,1985-01-15,40,Female,O+,23.4,"95/38, Bera Circle",560022,Sleep Apnea,87,22
208,209,P0209-5306-2,Faiyaz Hayer,1953-06-09,72,Female,AB+,24.3,"H.No. 91, Apte Road",560207,Sleep Apnea,96,48
209,210,P0210-5012-2,Aradhya Gill,1950-12-28,74,Female,O+,24.6,"292
Varghese Street",571009,Asthma,99,89
210,211,P0211-9401-1,Dhruv Gade,1994-01-23,31,Male,A+,23.7,"977, Aurora Road",572006,Depression,90,96
211,212,P0212-9304-1,Aarush Gandhi,1993-04-21,32,Male,B+,22.5,"H.No. 09
Sant Marg",570008,Gout,78,78
212,213,P0213-9903-2,Ira Thaman,1999-03-20,26,Female,B+,22.5,"H.No. 028
Gokhale Street",572006,Heart Disease,78,96
213,214,P0214-4511-1,Devansh Chaudry,1945-11-03,79,Male,A+,24.9,"H.No. 82, Varty Street",560006,Heart Disease,102,6
214,215,P0215-5411-1,Vivaan Boase,1954-11-11,70,Male,A+,23.6,"70/32, Kannan Street",562002,Sleep Apnea,89,62
215,216,P0216-4907-2,Trisha Sastry,1949-07-13,76,Female,O-,21.2,"57/89, Arya Path",572001,Diabetes,65,91
216,217,P0217-9612-2,Pari Soman,1996-12-15,28,Female,B+,23.6,"H.No. 104, Sankar Ganj",562007,Asthma,89,67
217,218,P0218-9806-1,Divyansh Ganesh,1998-06-03,27,Male,O+,24.0,"H.No. 12
Shanker Circle",560012,Healthy,93,12
218,219,P0219-8910-1,Ryan Hayre,1989-10-17,35,Male,O+,25.1,"H.No. 25, Kannan Path",570010,Gout,104,80
219,220,P0220-7802-1,Hiran Chadha,1978-02-24,47,Male,O+,21.7,"H.No. 15, Shan",560004,Heart Disease,70,4
220,221,P0221-9606-2,Kismat Bobal,1996-06-19,29,Female,B+,20.8,"H.No. 606, Subramanian Street",570001,Hypertension,61,71
221,222,P0222-8801-1,Amani Anne,1988-01-23,37,Male,B+,24.2,"314, Goda Marg",562009,Diabetes,95,69
222,223,P0223-7309-1,Anika Joshi,1973-09-17,51,Male,O+,24.0,"H.No. 98
Keer Path",560100,Asthma,93,31
223,224,P0224-9910-1,Nitara Iyengar,1999-10-20,25,Male,O+,23.8,"609, Uppal Street",561009,Gout,91,59
224,225,P0225-8406-1,Arhaan Bassi,1984-06-28,41,Male,O+,25.4,"H.No. 580, Butala Path",572010,Hypertension,107,100
225,226,P0226-5908-2,Shalv Tiwari,1959-08-24,65,Female,O+,24.4,"H.No. 975
Walla Nagar",560009,Healthy,97,9
226,227,P0227-5512-2,Zeeshan Dua,1955-12-31,69,Female,O+,25.4,"95, Lal Ganj",570002,Asthma,107,72
227,228,P0228-6405-1,Anvi Bakshi,1964-05-19,61,Male,A-,27.5,"03
Soni",570010,Diabetes,128,80
228,229,P0229-5510-2,Indranil Kala,1955-10-22,69,Female,B-,23.6,"42/863
Shetty Zila",560020,Healthy,89,20
229,230,P0230-5105-1,Aarna Chaudhari,1951-05-10,74,Male,A-,26.3,"91/85, Cheema Circle",571009,Healthy,116,89
230,231,P0231-4611-1,Mishti Sangha,1946-11-30,78,Male,O-,22.5,"H.No. 04
Gupta Road",560028,Dementia,78,28
231,232,P0232-6709-1,Vivaan Seshadri,1967-09-02,57,Male,AB-,25.6,"41/097
Bobal Path",560021,Epilepsy,109,21
232,233,P0233-6411-2,Raunak Basak,1964-11-02,60,Female,B+,21.7,"H.No. 35, Sahota Road",560101,Hypertension,70,32
233,234,P0234-5310-1,Taran Divan,1953-10-31,71,Male,B+,24.0,"H.No. 26, Bal Nagar",572005,Sleep Apnea,93,95
234,235,P0235-4303-2,Nirvi Mall,1943-03-22,82,Female,O+,22.8,"59/36
Dube Road",560019,Gout,81,19
235,236,P0236-7204-2,Saira Ahluwalia,1972-04-28,53,Female,B-,25.7,"23/00, Khare Nagar",572004,Depression,110,94
236,237,P0237-9402-1,Rasha Solanki,1994-02-28,31,Male,AB+,17.5,"25/09
Kaul Circle",560030,Gout,28,30
237,238,P0238-4405-2,Umang Dugar,1944-05-24,81,Female,O+,25.0,"02, Ramachandran Chowk",560208,Depression,103,49
238,239,P0239-9411-2,Vritika Raja,1994-11-18,30,Female,A-,24.7,"95/430
Johal Nagar",561010,Gout,100,60
239,240,P0240-9810-1,Ritvik Bhagat,1998-10-12,26,Male,B-,21.3,"86/98, Krishnamurthy Ganj",572001,Epilepsy,66,91
240,241,P0241-5305-2,Ishita Choudhary,1953-05-12,72,Female,O-,21.1,"97/863, Vala",572005,Sleep Apnea,64,95
241,242,P0242-0302-1,Farhan Kata,2003-02-07,22,Male,A+,27.6,"08/554
Wable Street",560012,Asthma,129,12
242,243,P0243-6004-2,Anika Sarin,1960-04-19,65,Female,B+,19.2,"H.No. 394
Rana Marg",560103,Heart Disease,45,34
243,244,P0244-8604-2,Jayesh Varma,1986-04-06,39,Female,A+,26.9,"H.No. 76
Acharya Marg",561007,Diabetes,122,57
244,245,P0245-8406-2,Uthkarsh Kara,1984-06-17,41,Female,B+,22.7,"H.No. 812, De Road",560021,Diabetes,80,21
245,246,P0246-7710-2,Taimur Balay,1977-10-06,47,Female,O+,23.2,"02/62
Bakshi Street",560103,Osteoporosis,85,34
246,247,P0247-6512-1,Pihu Kapur,1965-12-18,59,Male,O+,24.8,"80, Kanda Chowk",560020,Epilepsy,101,20
247,248,P0248-9008-1,Bhamini Jain,1990-08-22,34,Male,AB+,22.4,"H.No. 65
Kade Street",570010,Asthma,77,80
248,249,P0249-4004-2,Eva Bhavsar,1940-04-04,85,Female,B+,21.4,"H.No. 682
Halder Zila",562008,Healthy,67,68
249,250,P0250-7208-2,Amira Chand,1972-08-30,52,Female,O+,22.6,"H.No. 504
Kata Path",560108,Dementia,79,39
250,251,P0251-5312-2,Nitya Basu,1953-12-25,71,Female,O+,23.5,"H.No. 07
Verma Street",560014,Asthma,88,14
251,252,P0252-4412-1,Shlok Soman,1944-12-25,80,Male,O+,25.0,"191, Majumdar",572010,Diabetes,103,100
252,253,P0253-4011-1,Ishaan Solanki,1940-11-30,84,Male,A+,22.1,"H.No. 62, Dhar Chowk",562005,Hypertension,74,65
253,254,P0254-4512-1,Emir Dayal,1945-12-22,79,Male,A+,23.5,"85
De Nagar",560106,Dementia,88,37
254,255,P0255-9211-2,Hiran Hans,1992-11-13,32,Female,O+,25.1,"77/94, Gaba Road",560105,Epilepsy,104,36
255,256,P0256-8911-2,Yakshit Rajagopalan,1989-11-08,35,Female,O+,22.6,"694
Verma Zila",561008,Healthy,79,58
256,257,P0257-8312-2,Jayant Wable,1983-12-13,41,Female,A+,25.4,"56/221, Sawhney Nagar",571007,Healthy,107,87
257,258,P0258-4703-1,Nakul Krish,1947-03-27,78,Male,AB+,22.0,"20/56, Chahal",560023,Dementia,73,23
258,259,P0259-4209-1,Manikya Taneja,1942-09-08,82,Male,O+,22.1,"320, Sodhi Path",562001,Depression,74,61
259,260,P0260-6906-1,Stuvan Buch,1969-06-28,56,Male,AB+,24.1,"H.No. 02
Batta",571002,Epilepsy,94,82
260,261,P0261-9809-2,Ishaan Sachdeva,1998-09-27,26,Female,AB+,27.9,"80/75
Raj Marg",560001,Osteoporosis,132,1
261,262,P0262-6705-1,Alisha Deep,1967-05-04,58,Male,O+,23.9,"28
Dey Path",560017,Gout,92,17
262,263,P0263-6406-1,Divij Ranganathan,1964-06-07,61,Male,B-,23.8,"95/795
Shere Road",560004,Asthma,91,4
263,264,P0264-5601-2,Ryan Tak,1956-01-14,69,Female,O+,25.3,"44, Badal Chowk",560107,Depression,106,38
264,265,P0265-9007-2,Shanaya Keer,1990-07-02,35,Female,B+,24.3,"H.No. 43
D’Alia Street",562010,Heart Disease,96,70
265,266,P0266-0311-1,Nitya Boase,2003-11-06,21,Male,O+,21.8,"75, Sampath Street",560001,Asthma,71,1
266,267,P0267-8007-1,Zaina Chad,1980-07-14,44,Male,A+,27.1,"97/333, Raval Path",572009,Sleep Apnea,124,99
267,268,P0268-7302-1,Khushi Bhagat,1973-02-24,52,Male,O+,21.9,"37/86, Buch Circle",572009,Depression,72,99
268,269,P0269-9811-2,Yuvaan Som,1998-11-22,26,Female,AB+,26.8,"73
Mander Path",570010,Gout,121,80
269,270,P0270-7710-2,Zaina Dhar,1977-10-13,47,Female,B+,25.4,"H.No. 73, Master Nagar",561010,Epilepsy,107,60
270,271,P0271-6405-1,Lakshay Halder,1964-05-13,61,Male,A+,27.4,"02/980, Trivedi Zila",560202,Gout,127,43
271,272,P0272-9712-1,Farhan Mane,1997-12-26,27,Male,O-,23.2,"H.No. 609, Thakkar Road",560008,Epilepsy,85,8
272,273,P0273-9004-1,Sana Vyas,1990-04-15,35,Male,O+,24.3,"H.No. 78
Sane Nagar",560012,Healthy,96,12
273,274,P0274-9208-2,Badal Banerjee,1992-08-20,32,Female,O-,23.3,"37, Sura Road",571009,Depression,86,89
274,275,P0275-6104-2,Vritika Tak,1961-04-14,64,Female,O-,25.4,"H.No. 15
Dash Zila",572010,Heart Disease,107,100
275,276,P0276-9205-1,Kismat Deo,1992-05-22,33,Male,AB+,26.5,"81/26
Barad Marg",562006,Dementia,118,66
276,277,P0277-4911-1,Rati Devan,1949-11-09,75,Male,O+,26.0,"164
Subramaniam",560103,Heart Disease,113,34
277,278,P0278-6510-2,Nishith Sodhi,1965-10-15,59,Female,B+,27.2,"H.No. 641
D’Alia Circle",560001,Depression,125,1
278,279,P0279-8812-1,Emir Borra,1988-12-06,36,Male,A+,25.7,"086
Khatri Marg",560022,Epilepsy,110,22
279,280,P0280-7403-1,Anaya Sachdev,1974-03-08,51,Male,O+,21.1,"H.No. 845
Agarwal Circle",571001,Depression,64,81
280,281,P0281-7407-2,Badal Raju,1974-07-26,50,Female,A+,23.4,"435, Chakraborty Road",560007,Osteoporosis,87,7
281,282,P0282-5911-2,Pari Chatterjee,1959-11-08,65,Female,O+,23.5,"81/658, Lala Road",571007,Dementia,88,87
282,283,P0283-6706-2,Gokul Talwar,1967-06-23,58,Female,O+,27.0,"H.No. 54
Kar Street",560004,Heart Disease,123,4
283,284,P0284-8802-1,Mannat Sood,1988-02-09,37,Male,A+,24.2,"H.No. 279, Manda Marg",560026,Hypertension,95,26
284,285,P0285-5303-2,Mishti Bose,1953-03-13,72,Female,O+,23.9,"64, Barad Street",561008,Osteoporosis,92,58
285,286,P0286-7303-2,Biju Kumar,1973-03-12,52,Female,O+,27.4,"H.No. 288, Jha Circle",560106,Osteoporosis,127,37
286,287,P0287-7209-1,Jayan Ben,1972-09-29,52,Male,O+,23.8,"H.No. 01
Tailor Path",570001,Epilepsy,91,71
287,288,P0288-8805-2,Nakul Tiwari,1988-05-11,37,Female,A+,21.4,"052
Dara Street",570001,Gout,67,71
288,289,P0289-7205-1,Sara Dutta,1972-05-17,53,Male,O+,25.0,"65/34, Bhakta Marg",560108,Depression,103,39
289,290,P0290-9008-1,Adah Johal,1990-08-14,34,Male,O+,24.8,"80/613
Choudhry Ganj",571003,Gout,101,83
290,291,P0291-9605-2,Adira Chanda,1996-05-18,29,Female,O+,24.0,"68/591, Raval Nagar",572005,Healthy,93,95
291,292,P0292-4206-2,Vaibhav Ram,1942-06-12,83,Female,O+,22.4,"32/49
Rana Marg",561001,Dementia,77,51
292,293,P0293-5406-1,Mohanlal Reddy,1954-06-20,71,Male,AB+,23.0,"H.No. 412
Buch Marg",560202,Asthma,83,43
293,294,P0294-7405-2,Onkar Bandi,1974-05-22,51,Female,A-,25.4,"51/09
Bandi Path",570010,Diabetes,107,80
294,295,P0295-8201-1,Vihaan Kakar,1982-01-21,43,Male,O+,23.9,"28/209
Kalla Zila",570004,Hypertension,92,74
295,296,P0296-7409-1,Dhanuk Singh,1974-09-07,50,Male,O+,25.6,"H.No. 91, Kakar Nagar",571006,Asthma,109,86
296,297,P0297-5409-2,Onkar Rattan,1954-09-19,70,Female,A+,24.8,"H.No. 497, Kashyap",560202,Gout,101,43
297,298,P0298-9505-1,Nishith Gaba,1995-05-13,30,Male,B+,21.3,"22/98, Kaur Marg",570008,Osteoporosis,66,78
298,299,P0299-4702-1,Nitya Chanda,1947-02-21,78,Male,O+,23.4,"H.No. 35, Chandran Path",560203,Epilepsy,87,44
299,300,P0300-7109-1,Prisha Varughese,1971-09-28,53,Male,A+,22.0,"23/174
Sangha Nagar",560207,Epilepsy,73,48
300,301,P0301-5109-2,Eva Tandon,1951-09-22,73,Female,A+,24.3,"952, Dixit Chowk",560105,Gout,96,36
301,302,P0302-6005-2,Raunak Goel,1960-05-01,65,Female,O+,24.2,"635
Bose Chowk",560018,Asthma,95,18
302,303,P0303-9704-2,Jayant Kothari,1997-04-30,28,Female,B+,21.8,"88/727, Handa Zila",562003,Hypertension,71,63
303,304,P0304-8203-2,Nirvaan Dhaliwal,1982-03-05,43,Female,O+,22.8,"H.No. 203, Behl Circle",572009,Hypertension,81,99
304,305,P0305-0203-2,Jayant Bali,2002-03-02,23,Female,B-,24.2,"60/124, Luthra Ganj",560005,Gout,95,5
305,306,P0306-5106-1,Aaina Savant,1951-06-03,74,Male,O+,22.1,"166, Kadakia Nagar",571006,Asthma,74,86
306,307,P0307-7210-2,Jayesh Doctor,1972-10-30,52,Female,B+,24.6,"95/07
Walia Path",560101,Asthma,99,32
307,308,P0308-4501-1,Prerak Dada,1945-01-14,80,Male,O+,23.2,"93
Sane Nagar",560016,Heart Disease,85,16
308,309,P0309-9210-1,Kartik Wali,1992-10-24,32,Male,B+,25.7,"H.No. 788, Anand Road",560100,Epilepsy,110,31
309,310,P0310-7203-1,Indrajit Shetty,1972-03-05,53,Male,O-,25.5,"45
Sem Ganj",571010,Heart Disease,108,90
310,311,P0311-7706-2,Pihu Shere,1977-06-03,48,Female,B+,22.6,"120
Madan Path",561010,Depression,79,60
311,312,P0312-7511-2,Lakshay Jani,1975-11-25,49,Female,A+,24.2,"84/999, Gokhale Circle",561001,Gout,95,51
312,313,P0313-4311-2,Hunar Samra,1943-11-24,81,Female,A-,18.5,"H.No. 19
Mahal Circle",560107,Heart Disease,38,38
313,314,P0314-6912-1,Nishith Kaur,1969-12-08,55,Male,B-,23.4,"01/612
Swamy Street",572003,Depression,87,93
314,315,P0315-8105-2,Badal Chowdhury,1981-05-08,44,Female,A+,24.4,"H.No. 15
Mahajan Marg",560013,Diabetes,97,13
315,316,P0316-6207-1,Zain Bhagat,1962-07-08,63,Male,AB+,26.7,"H.No. 00, Uppal Ganj",560001,Gout,120,1
316,317,P0317-6402-1,Shamik Dewan,1964-02-01,61,Male,O-,28.1,"01/50, Raju Road",572007,Dementia,134,97
317,318,P0318-4007-2,Aaina Borde,1940-07-31,84,Female,O+,24.7,"98/96, Swaminathan Marg",570005,Osteoporosis,100,75
318,319,P0319-5302-2,Vivaan Upadhyay,1953-02-26,72,Female,B+,25.6,"02/17, Khare Marg",560005,Depression,109,5
319,320,P0320-6605-1,Advik Rana,1966-05-11,59,Male,AB+,25.4,"763
Chaudhry",560028,Heart Disease,107,28
320,321,P0321-5406-2,Hridaan Wagle,1954-06-27,71,Female,B+,23.6,"14/303, Ghose Marg",562008,Epilepsy,89,68
321,322,P0322-6904-1,Yasmin Vasa,1969-04-15,56,Male,B-,24.6,"72/47, Sridhar Zila",560107,Gout,99,38
322,323,P0323-6701-1,Riaan Sidhu,1967-01-09,58,Male,A-,21.5,"H.No. 38, Deo Nagar",560021,Diabetes,68,21
323,324,P0324-6107-2,Shray Lanka,1961-07-28,63,Female,A-,23.6,"04, Zachariah",561003,Gout,89,53
324,325,P0325-4107-1,Dishani Chaudhari,1941-07-08,84,Male,A-,26.3,"11/22, Bandi Marg",560014,Depression,116,14
325,326,P0326-8809-2,Prisha Malhotra,1988-09-14,36,Female,O+,22.5,"960
Sibal Chowk",560014,Depression,78,14
326,327,P0327-9305-2,Aarush Bhargava,1993-05-27,32,Female,B+,22.6,"24, Seth Zila",560029,Depression,79,29
327,328,P0328-5102-2,Jayant Devi,1951-02-06,74,Female,O-,25.7,"H.No. 76, Balasubramanian Marg",560203,Diabetes,110,44
328,329,P0329-8804-2,Lagan Kurian,1988-04-08,37,Female,B+,21.4,"78/83
Dash Nagar",560002,Dementia,67,2
329,330,P0330-9902-2,Aradhya Barad,1999-02-11,26,Female,AB+,24.2,"283, Chakraborty Chowk",560003,Osteoporosis,95,3
330,331,P0331-5908-1,Kaira Sem,1959-08-04,65,Male,AB+,24.0,"43/611
Agate Circle",560009,Dementia,93,9
331,332,P0332-8112-1,Ira Jhaveri,1981-12-25,43,Male,A-,20.8,"238
Arora Street",562001,Sleep Apnea,61,61
332,333,P0333-8910-1,Prerak Tella,1989-10-31,35,Male,AB+,24.3,"41, Bhasin Chowk",571001,Depression,96,81
333,334,P0334-0202-2,Madhav Kulkarni,2002-02-28,23,Female,AB+,24.9,"H.No. 925, Chhabra Nagar",560022,Hypertension,102,22
334,335,P0335-8802-1,Anika Varty,1988-02-24,37,Male,O+,21.9,"H.No. 70
Aurora Nagar",560203,Sleep Apnea,72,44
335,336,P0336-4111-2,Suhana Dalal,1941-11-28,83,Female,AB-,23.5,"93/828
Mandal Ganj",562010,Osteoporosis,88,70
336,337,P0337-7102-2,Ishaan Choudhary,1971-02-09,54,Female,O+,23.7,"719, Kota",561009,Hypertension,90,59
337,338,P0338-5602-1,Zeeshan Kata,1956-02-25,69,Male,A+,19.1,"95, Agrawal Ganj",571006,Healthy,44,86
338,339,P0339-9307-1,Ira Sarna,1993-07-13,31,Male,O-,25.8,"H.No. 889, Srivastava Marg",560030,Hypertension,111,30
339,340,P0340-8502-1,Ryan Sane,1985-02-13,40,Male,A+,28.9,"81/61, Chadha",571008,Depression,142,88
340,341,P0341-8101-1,Vivaan Karpe,1981-01-22,44,Male,O+,23.2,"06/765, Ahuja Ganj",570001,Depression,85,71
341,342,P0342-6804-1,Armaan Sengupta,1968-04-26,57,Male,O-,22.5,"77/90
Choudhary Road",562008,Healthy,78,68
342,343,P0343-4305-1,Nishith Wagle,1943-05-29,82,Male,B+,23.3,"H.No. 99
Bajaj Path",560209,Heart Disease,86,50
343,344,P0344-6705-1,Akarsh Ramesh,1967-05-22,58,Male,O+,25.7,"H.No. 21, Arya Chowk",560014,Diabetes,110,14
344,345,P0345-4603-2,Reyansh Shere,1946-03-18,79,Female,O+,23.4,"H.No. 892
Ramanathan Nagar",560014,Healthy,87,14
345,346,P0346-6101-2,Rhea Mall,1961-01-23,64,Female,B+,26.5,"94, Varghese Street",560013,Gout,118,13
346,347,P0347-9009-2,Anahi Mann,1990-09-17,34,Female,AB-,21.4,"242, Chokshi Road",561003,Diabetes,67,53
347,348,P0348-7812-2,Ojas Tella,1978-12-17,46,Female,O+,22.0,"068, Keer Nagar",560001,Hypertension,73,1
348,349,P0349-5503-1,Hiran Batta,1955-03-31,70,Male,B-,23.2,"74/97, Ramakrishnan Path",572010,Gout,85,100
349,350,P0350-9402-2,Amani Mand,1994-02-13,31,Female,O+,23.8,"525
Majumdar Road",572006,Dementia,91,96
350,351,P0351-8402-1,Zaina Dua,1984-02-09,41,Male,AB+,24.7,"H.No. 590, Solanki Circle",560106,Asthma,100,37
351,352,P0352-5105-1,Pihu Golla,1951-05-19,74,Male,A-,25.9,"82/13
Savant Road",560106,Osteoporosis,112,37
352,353,P0353-5811-2,Anika Agrawal,1958-11-10,66,Female,B+,26.0,"H.No. 467, Sarin Chowk",560025,Hypertension,113,25
353,354,P0354-5604-2,Sahil Shere,1956-04-17,69,Female,AB+,23.5,"41/27
Tailor Circle",561004,Diabetes,88,54
354,355,P0355-5110-1,Nishith Kakar,1951-10-13,73,Male,A+,24.8,"H.No. 025
Vora Street",572006,Epilepsy,101,96
355,356,P0356-6307-2,Anika Gara,1963-07-14,62,Female,O+,21.6,"42
Divan Street",562004,Diabetes,69,64
356,357,P0357-4111-2,Dharmajan Subramanian,1941-11-18,83,Female,O+,20.7,"53/57
Kunda Marg",560203,Heart Disease,60,44
357,358,P0358-4511-1,Aradhya Bir,1945-11-27,79,Male,A+,25.0,"40, Shankar Nagar",560011,Depression,103,11
358,359,P0359-7207-1,Sahil Sur,1972-07-09,53,Male,O+,23.5,"21/376
Dugar",560200,Sleep Apnea,88,41
359,360,P0360-8010-2,Ela Savant,1980-10-31,44,Female,O+,21.5,"90/039, Dayal Marg",572001,Diabetes,68,91
360,361,P0361-7703-2,Damini Vyas,1977-03-30,48,Female,O+,23.7,"68/829
Jha Circle",562002,Osteoporosis,90,62
361,362,P0362-7803-1,Sara Iyer,1978-03-04,47,Male,B+,21.1,"08, Ganesh",571008,Epilepsy,64,88
362,363,P0363-4107-1,Advik Mani,1941-07-17,84,Male,O+,22.7,"910, Madan Street",571006,Diabetes,80,86
363,364,P0364-6607-1,Reyansh Kaur,1966-07-20,58,Male,B+,25.2,"15
Chokshi Ganj",570002,Depression,105,72
364,365,P0365-8603-1,Ritvik Chakrabarti,1986-03-16,39,Male,O+,27.4,"890
Kapadia Chowk",560209,Healthy,127,50
365,366,P0366-6103-2,Oorja Dewan,1961-03-26,64,Female,A+,21.2,"048, Karan Zila",560021,Hypertension,65,21
366,367,P0367-9601-2,Kartik Dhar,1996-01-02,29,Female,B+,22.0,"71
Sengupta Chowk",562009,Diabetes,73,69
367,368,P0368-9107-2,Amira Ganesan,1991-07-15,33,Female,O+,23.4,"88
Bhagat Street",560003,Sleep Apnea,87,3
368,369,P0369-4102-2,Hansh Jayaraman,1941-02-16,84,Female,B+,24.7,"H.No. 601, Swamy Zila",560027,Hypertension,100,27
369,370,P0370-9407-1,Tejas Raman,1994-07-24,30,Male,O+,24.7,"39/96
Grewal Circle",571008,Hypertension,100,88
370,371,P0371-6811-2,Vritika Varma,1968-11-06,56,Female,O-,23.2,"52/506
Dugar Road",562009,Osteoporosis,85,69
371,372,P0372-6001-2,Sumer Dhillon,1960-01-09,65,Female,O+,24.9,"33/70
Sethi Road",571001,Dementia,102,81
372,373,P0373-9611-1,Miraya Sangha,1996-11-18,28,Male,A-,27.6,"H.No. 68, Venkataraman Marg",560102,Dementia,129,33
373,374,P0374-4111-2,Drishya Bir,1941-11-11,83,Female,A-,22.2,"595, Shetty Marg",570008,Heart Disease,75,78
374,375,P0375-6005-1,Zeeshan Tank,1960-05-01,65,Male,B+,24.2,"297
Hayre Road",562008,Heart Disease,95,68
375,376,P0376-4202-1,Tarini Keer,1942-02-17,83,Male,A+,21.6,"H.No. 87
Lala",560201,Healthy,69,42
376,377,P0377-0309-1,Fateh Saraf,2003-09-02,21,Male,O-,25.4,"48/31, Chana Zila",560009,Gout,107,9
377,378,P0378-6408-2,Hunar Sur,1964-08-17,60,Female,O+,27.2,"71/015
Kaur Zila",560105,Heart Disease,125,36
378,379,P0379-6105-1,Tejas Banik,1961-05-28,64,Male,B-,23.6,"H.No. 464
Chowdhury Circle",560019,Sleep Apnea,89,19
379,380,P0380-7808-1,Dhruv Baria,1978-08-20,46,Male,AB+,24.0,"10, Banik Zila",571008,Asthma,93,88
380,381,P0381-4304-1,Farhan Lall,1943-04-16,82,Male,O+,24.9,"78
Bose Circle",570010,Healthy,102,80
381,382,P0382-8410-2,Indrans Gala,1984-10-17,40,Female,A+,26.2,"17
Shenoy Path",560108,Hypertension,115,39
382,383,P0383-6202-1,Adira Ranganathan,1962-02-18,63,Male,B+,21.9,"34/87
Sawhney Nagar",571008,Sleep Apnea,72,88
383,384,P0384-8909-2,Eva Bansal,1989-09-18,35,Female,A-,20.6,"087
Wadhwa Chowk",561004,Dementia,59,54
384,385,P0385-5805-1,Anahi Sachdev,1958-05-25,67,Male,B-,17.6,"59, Bhasin Ganj",560109,Hypertension,29,40
385,386,P0386-8808-2,Parinaaz Varughese,1988-08-13,36,Female,O+,23.8,"32/61
Sastry Chowk",560102,Healthy,91,33
386,387,P0387-9711-1,Kimaya Raja,1997-11-16,27,Male,O-,23.7,"03/346, Srinivasan Nagar",560015,Heart Disease,90,15
387,388,P0388-5008-2,Veer Bhalla,1950-08-12,74,Female,B+,24.3,"41/88
Barad Street",571003,Depression,96,83
388,389,P0389-5603-2,Lagan Thaker,1956-03-14,69,Female,O-,24.1,"H.No. 873
Taneja Ganj",560029,Heart Disease,94,29
389,390,P0390-5701-1,Jayesh Kalla,1957-01-04,68,Male,B+,22.1,"84
Balan Ganj",561009,Heart Disease,74,59
390,391,P0391-8903-2,Reyansh Sami,1989-03-29,36,Female,B+,22.2,"93/864
Borra",560023,Hypertension,75,23
391,392,P0392-4508-1,Rhea Trivedi,1945-08-24,79,Male,A+,26.2,"37/880
Gopal Road",560026,Heart Disease,115,26
392,393,P0393-8912-1,Azad Varghese,1989-12-04,35,Male,O-,20.5,"93
Lata",570006,Osteoporosis,58,76
393,394,P0394-6704-1,Piya Varty,1967-04-24,58,Male,O+,22.3,"15
Sarin Road",561001,Epilepsy,76,51
394,395,P0395-6405-2,Vedika Gandhi,1964-05-15,61,Female,O+,24.1,"14, Lata Marg",562009,Heart Disease,94,69
395,396,P0396-8010-1,Vanya Rastogi,1980-10-11,44,Male,O+,28.9,"65/011
Bhargava Road",560002,Dementia,142,2
396,397,P0397-5205-1,Suhana Seth,1952-05-03,73,Male,A+,21.2,"H.No. 45, Salvi",572001,Healthy,65,91
397,398,P0398-9610-1,Jayan Agarwal,1996-10-17,28,Male,O+,25.1,"H.No. 091, Kannan Road",570003,Heart Disease,104,73
398,399,P0399-6007-1,Anay Dada,1960-07-07,65,Male,O+,26.1,"H.No. 440
Gupta Marg",560200,Hypertension,114,41
399,400,P0400-9001-2,Kavya Sahota,1990-01-04,35,Female,B+,22.9,"47/315
Rau Circle",571006,Healthy,82,86
400,401,P0401-6401-1,Vivaan Srivastava,1964-01-18,61,Male,O+,26.2,"H.No. 94, Aurora Road",570005,Healthy,115,75
401,402,P0402-9506-1,Hansh Vyas,1995-06-16,30,Male,B+,23.8,"H.No. 831
Ghosh",572003,Osteoporosis,91,93
402,403,P0403-9406-1,Tarini Barman,1994-06-30,31,Male,O+,24.1,"00, Mahajan Road",560012,Dementia,94,12
403,404,P0404-8903-1,Devansh Thaman,1989-03-15,36,Male,O+,26.0,"438
Goswami Nagar",562009,Heart Disease,113,69
404,405,P0405-7205-1,Bhamini Bobal,1972-05-07,53,Male,A-,24.6,"163
Taneja Road",560004,Gout,99,4
405,406,P0406-4612-1,Biju Sehgal,1946-12-31,78,Male,A-,24.5,"72/39, Behl Zila",570006,Sleep Apnea,98,76
406,407,P0407-9507-1,Bhamini Tripathi,1995-07-09,30,Male,A+,26.6,"49, Toor Zila",560010,Healthy,119,10
407,408,P0408-9001-2,Advik Bose,1990-01-31,35,Female,B-,25.6,"H.No. 13, Solanki Zila",560015,Sleep Apnea,109,15
408,409,P0409-4910-1,Aarav Arya,1949-10-30,75,Male,B+,25.3,"H.No. 274
Gara Marg",560205,Hypertension,106,46
409,410,P0410-8606-1,Onkar Rau,1986-06-01,39,Male,O+,24.4,"44
Chatterjee Circle",572003,Depression,97,93
410,411,P0411-6605-1,Madhav Gandhi,1966-05-18,59,Male,A+,24.7,"26/471
Varty Circle",560022,Depression,100,22
411,412,P0412-9407-2,Aradhya Apte,1994-07-20,30,Female,A+,22.9,"81/147, Dugal Zila",560013,Gout,82,13
412,413,P0413-6304-2,Yuvraj  Madan,1963-04-27,62,Female,B+,25.7,"H.No. 665, Bose Marg",560006,Healthy,110,6
413,414,P0414-4010-1,Rati Chowdhury,1940-10-24,84,Male,O+,22.6,"39/392, Lalla Nagar",570007,Sleep Apnea,79,77
414,415,P0415-9303-1,Shray Chahal,1993-03-05,32,Male,O-,24.1,"H.No. 280
Gandhi",562002,Sleep Apnea,94,62
415,416,P0416-4010-2,Riya Kumer,1940-10-18,84,Female,B-,20.6,"58
Korpal Nagar",560209,Sleep Apnea,59,50
416,417,P0417-8508-1,Anahi Balasubramanian,1985-08-27,39,Male,AB+,23.8,"85/65
Bir Nagar",560105,Asthma,91,36
417,418,P0418-7312-2,Ojas Biswas,1973-12-25,51,Female,A+,21.3,"H.No. 175
Gulati",560023,Dementia,66,23
418,419,P0419-9105-1,Jayan Varkey,1991-05-05,34,Male,B+,27.2,"07/730, Sastry Street",560102,Gout,125,33
419,420,P0420-7806-1,Badal Wadhwa,1978-06-01,47,Male,O+,21.2,"H.No. 754, Dhar Path",571006,Epilepsy,65,86
420,421,P0421-8409-1,Miraya Gulati,1984-09-22,40,Male,O+,24.5,"H.No. 94
Goel Road",560106,Osteoporosis,98,37
421,422,P0422-5111-2,Dhruv Mand,1951-11-06,73,Female,O+,24.1,"10/911
Garde",570006,Epilepsy,94,76
422,423,P0423-8007-2,Lakshit Thaman,1980-07-30,44,Female,B-,23.8,"97, Bhardwaj Street",571009,Hypertension,91,89
423,424,P0424-6801-1,Riaan Ramesh,1968-01-19,57,Male,B-,22.1,"07/96
Dey Zila",560204,Diabetes,74,45
424,425,P0425-7803-1,Mehul Singh,1978-03-24,47,Male,O+,24.8,"083, Dash Chowk",572002,Epilepsy,101,92
425,426,P0426-7608-2,Raghav D’Alia,1976-08-09,48,Female,B-,24.3,"41/21
Tara Street",561003,Epilepsy,96,53
426,427,P0427-4801-2,Bhamini Dayal,1948-01-07,77,Female,O+,22.4,"17, Kannan Circle",570002,Asthma,77,72
427,428,P0428-0109-2,Seher Mann,2001-09-16,23,Female,A+,22.0,"761
Agrawal Ganj",560203,Asthma,73,44
428,429,P0429-9906-2,Neelofar Khare,1999-06-08,26,Female,O+,23.5,"75/462, Das",571002,Dementia,88,82
429,430,P0430-4608-1,Gatik Mann,1946-08-31,78,Male,A+,23.5,"69, Dayal Road",560012,Epilepsy,88,12
430,431,P0431-5503-2,Nakul Kari,1955-03-02,70,Female,B+,20.6,"H.No. 742, Lad Marg",562003,Gout,59,63
431,432,P0432-9307-2,Myra Kuruvilla,1993-07-30,31,Female,AB-,26.8,"H.No. 739
Gola Street",571006,Osteoporosis,121,86
432,433,P0433-6503-1,Tarini Mander,1965-03-02,60,Male,AB+,21.3,"836, Sinha",570009,Depression,66,79
433,434,P0434-9804-1,Raunak Butala,1998-04-17,27,Male,A+,25.8,"546, Kar Ganj",562006,Asthma,111,66
434,435,P0435-6003-1,Trisha Chanda,1960-03-31,65,Male,B+,22.6,"04, Tripathi Road",572006,Heart Disease,79,96
435,436,P0436-4301-1,Zaina Gokhale,1943-01-28,82,Male,O+,24.2,"63/96
Aggarwal Circle",560010,Depression,95,10
436,437,P0437-4306-1,Riya Doshi,1943-06-05,82,Male,O+,24.7,"H.No. 117
Vasa Zila",560013,Heart Disease,100,13
437,438,P0438-8804-2,Hrishita Bera,1988-04-02,37,Female,A+,25.5,"H.No. 85, Hari",561003,Epilepsy,108,53
438,439,P0439-6209-1,Shamik Shroff,1962-09-20,62,Male,O+,23.3,"42, Mall Road",560023,Epilepsy,86,23
439,440,P0440-6408-1,Baiju Saxena,1964-08-03,60,Male,O+,24.6,"089, Varughese Circle",560027,Asthma,99,27
440,441,P0441-0105-1,Yuvraj  Dhillon,2001-05-20,24,Male,A+,21.3,"489, Wason Path",562005,Sleep Apnea,66,65
441,442,P0442-9201-2,Ahana  Sur,1992-01-21,33,Female,B-,20.6,"H.No. 77
Dube Zila",571007,Asthma,59,87
442,443,P0443-7602-1,Stuvan Bala,1976-02-22,49,Male,O+,22.0,"69/91, Bobal Street",560206,Sleep Apnea,73,47
443,444,P0444-4906-1,Ayesha Seshadri,1949-06-10,76,Male,O+,23.3,"032, Kumer Circle",560107,Osteoporosis,86,38
444,445,P0445-4608-1,Mohanlal Doctor,1946-08-29,78,Male,B-,22.7,"47/92, Keer Ganj",560013,Asthma,80,13
445,446,P0446-9001-2,Shlok Kaul,1990-01-09,35,Female,O-,27.2,"28/40, Dutta Road",561002,Sleep Apnea,125,52
446,447,P0447-0503-1,Ivan Vig,2005-03-03,20,Male,B+,24.3,"615
Kakar Road",561008,Dementia,96,58
447,448,P0448-7901-2,Aaryahi Viswanathan,1979-01-24,46,Female,B+,24.7,"H.No. 341, Dixit Chowk",570002,Diabetes,100,72
448,449,P0449-6603-2,Neysa Thakkar,1966-03-07,59,Female,A+,25.6,"H.No. 011, Rout Ganj",570010,Heart Disease,109,80
449,450,P0450-9707-2,Nishith Samra,1997-07-05,28,Female,A+,27.5,"H.No. 76, Saha Zila",560106,Osteoporosis,128,37
450,451,P0451-5808-2,Badal Edwin,1958-08-15,66,Female,A+,25.7,"92/70, Vig Chowk",560208,Healthy,110,49
451,452,P0452-4407-2,Veer Ratta,1944-07-12,81,Female,O+,26.5,"H.No. 23
Sahota",561008,Diabetes,118,58
452,453,P0453-9012-1,Aniruddh Sangha,1990-12-20,34,Male,B+,24.9,"05/50
Dewan Road",571002,Healthy,102,82
453,454,P0454-7103-2,Aaryahi Chakrabarti,1971-03-07,54,Female,A+,24.9,"H.No. 36, Luthra Road",560028,Sleep Apnea,102,28
454,455,P0455-6606-2,Pihu Sethi,1966-06-04,59,Female,B+,24.7,"48/74
Karan Street",562005,Healthy,100,65
455,456,P0456-5709-1,Pari Solanki,1957-09-18,67,Male,O+,23.6,"780, Bali Road",560102,Depression,89,33
456,457,P0457-9105-1,Miraan Ranganathan,1991-05-26,34,Male,O+,23.0,"64/39, Bhatnagar Marg",560003,Osteoporosis,83,3
457,458,P0458-7802-2,Nayantara Tailor,1978-02-11,47,Female,B+,25.1,"49/28
Raja Zila",560104,Sleep Apnea,104,35
458,459,P0459-0303-1,Dharmajan Saraf,2003-03-09,22,Male,O+,24.5,"H.No. 404
Sahni Path",560108,Hypertension,98,39
459,460,P0460-5807-1,Taran Rau,1958-07-21,66,Male,B+,23.1,"898, Bora Nagar",571004,Sleep Apnea,84,84
460,461,P0461-7608-2,Vaibhav Ratta,1976-08-28,48,Female,B+,19.6,"75/225
Saha Road",560026,Dementia,49,26
461,462,P0462-5408-2,Ehsaan Raju,1954-08-03,70,Female,A-,22.2,"46/426
Amble Ganj",560100,Hypertension,75,31
462,463,P0463-6505-1,Shray Bora,1965-05-05,60,Male,A+,26.7,"34/063, Dugar Road",560200,Depression,120,41
463,464,P0464-8101-1,Ryan Sekhon,1981-01-26,44,Male,A+,21.9,"39
Savant Circle",570007,Hypertension,72,77
464,465,P0465-4806-2,Aarush Bhardwaj,1948-06-14,77,Female,O+,28.2,"H.No. 306, Tata Street",560107,Healthy,135,38
465,466,P0466-8801-1,Krish Dixit,1988-01-20,37,Male,O+,21.9,"77/51
Bhakta Road",571009,Asthma,72,89
466,467,P0467-5603-2,Shanaya Garg,1956-03-24,69,Female,B+,22.7,"29/79
Rau Chowk",572006,Depression,80,96
467,468,P0468-9105-2,Divyansh Shroff,1991-05-15,34,Female,O+,26.0,"58/742, Gara Nagar",562009,Diabetes,113,69
468,469,P0469-4208-1,Amani Dass,1942-08-20,82,Male,O+,22.0,"H.No. 025, Ramachandran Marg",560024,Osteoporosis,73,24
469,470,P0470-9107-1,Fateh Chandran,1991-07-06,34,Male,O+,24.1,"55/08, Grover Nagar",562001,Dementia,94,61
470,471,P0471-4001-1,Ivan Dada,1940-01-03,85,Male,O-,21.4,"H.No. 345, Rout Road",560029,Osteoporosis,67,29
471,472,P0472-4710-1,Pari Edwin,1947-10-09,77,Male,O+,24.0,"13/67, Vora Circle",560028,Osteoporosis,93,28
472,473,P0473-5510-2,Gokul Iyengar,1955-10-17,69,Female,O+,23.5,"23
Bhavsar Path",560207,Asthma,88,48
473,474,P0474-4108-1,Farhan Lad,1941-08-09,83,Male,O+,23.8,"92/90, Bhattacharyya Path",561009,Gout,91,59
474,475,P0475-9502-2,Sumer Dhillon,1995-02-06,30,Female,A+,25.9,"50
Keer Path",562002,Asthma,112,62
475,476,P0476-8008-2,Tara Dube,1980-08-25,44,Female,O-,26.0,"19/24, Deo Path",561001,Osteoporosis,113,51
476,477,P0477-0012-2,Yakshit Gaba,2000-12-26,24,Female,B-,21.5,"H.No. 08, Kari Ganj",571003,Hypertension,68,83
477,478,P0478-5707-1,Dhruv Krishnan,1957-07-26,67,Male,AB+,24.4,"38/68, Setty Circle",561002,Gout,97,52
478,479,P0479-6612-2,Aarna Lad,1966-12-30,58,Female,O+,24.0,"74
Thaker Ganj",560209,Sleep Apnea,93,50
479,480,P0480-9805-2,Ela Shan,1998-05-10,27,Female,A-,24.5,"H.No. 501
Dua",562001,Osteoporosis,98,61
480,481,P0481-8005-2,Yasmin Mammen,1980-05-22,45,Female,O-,25.2,"635, Devan Road",560006,Healthy,105,6
481,482,P0482-5504-2,Manikya Vala,1955-04-10,70,Female,O+,22.0,"38/610, Sane Road",560030,Osteoporosis,73,30
482,483,P0483-5910-1,Oorja Gera,1959-10-04,65,Male,A+,26.3,"H.No. 498, Hegde",561003,Sleep Apnea,116,53
483,484,P0484-6409-1,Shray Sant,1964-09-15,60,Male,O-,28.7,"H.No. 78, Rastogi Nagar",560001,Depression,140,1
484,485,P0485-6303-1,Raunak Sekhon,1963-03-19,62,Male,A+,25.2,"57/145, Bakshi Zila",561001,Sleep Apnea,105,51
485,486,P0486-4312-2,Aradhya Ram,1943-12-04,81,Female,A-,26.0,"H.No. 54, Gill Circle",562003,Diabetes,113,63
486,487,P0487-5203-1,Darshit Divan,1952-03-30,73,Male,O+,27.6,"20/87, Kala",562001,Epilepsy,129,61
487,488,P0488-9706-2,Nitya Sachdev,1997-06-04,28,Female,B+,23.0,"51/23, Kalla",571007,Sleep Apnea,83,87
488,489,P0489-0010-1,Lakshay Kar,2000-10-26,24,Male,O-,25.1,"71, Rattan",571003,Heart Disease,104,83
489,490,P0490-7612-2,Hridaan Dhar,1976-12-01,48,Female,A+,21.8,"H.No. 361, Wason Road",560106,Gout,71,37
490,491,P0491-0310-2,Kaira Arora,2003-10-02,21,Female,A-,25.0,"81/041, Sule Ganj",561008,Diabetes,103,58
491,492,P0492-4301-1,Aniruddh Agarwal,1943-01-16,82,Male,A-,24.9,"065, Bassi Nagar",560208,Healthy,102,49
492,493,P0493-9302-1,Chirag Chaudry,1993-02-02,32,Male,AB+,26.4,"16, Kadakia Nagar",560013,Gout,117,13
493,494,P0494-8805-1,Manikya Halder,1988-05-27,37,Male,A+,24.1,"36/52
Karnik Zila",560201,Heart Disease,94,42
494,495,P0495-0007-1,Manjari Sem,2000-07-09,24,Male,A+,23.9,"967
Sant Street",561009,Osteoporosis,92,59
495,496,P0496-9706-1,Advik Keer,1997-06-20,28,Male,A-,22.0,"79, Chhabra Ganj",571004,Healthy,73,84
496,497,P0497-7212-2,Ritvik Bera,1972-12-21,52,Female,O-,23.0,"840, Baral Nagar",560010,Dementia,83,10
497,498,P0498-7907-2,Aarna Sur,1979-07-10,46,Female,A-,27.8,"66, Banerjee Nagar",560011,Heart Disease,131,11
498,499,P0499-9002-1,Aaryahi Varughese,1990-02-03,35,Male,O+,23.4,"H.No. 664, Luthra Marg",560009,Osteoporosis,87,9
499,500,P0500-4512-1,Pari Varughese,1945-12-15,79,Male,O+,24.4,"407, Maharaj Circle",562001,Hypertension,97,61
500,501,P0501-8610-1,Sana Raval,1986-10-11,38,Male,O-,23.5,"63/69, Tella",560001,Asthma,88,1
501,502,P0502-6911-2,Alisha Kakar,1969-11-28,55,Female,O+,27.2,"58/81, Jaggi Path",560028,Dementia,125,28
502,503,P0503-8309-1,Samar Andra,1983-09-07,41,Male,O+,19.6,"69, Sheth Zila",560021,Asthma,49,21
503,504,P0504-0302-1,Adah Goel,2003-02-21,22,Male,B+,29.0,"26/70
Chaudhry Street",570008,Hypertension,143,78
504,505,P0505-4710-2,Vidur Suri,1947-10-20,77,Female,B-,25.7,"H.No. 64, Khanna",560102,Healthy,110,33
505,506,P0506-7908-2,Ritvik Lad,1979-08-09,45,Female,B+,23.2,"32, Seshadri Path",562003,Depression,85,63
506,507,P0507-7910-1,Myra Andra,1979-10-31,45,Male,AB+,25.8,"747
Khurana Road",571009,Healthy,111,89
507,508,P0508-4912-1,Biju Tailor,1949-12-08,75,Male,O+,25.1,"H.No. 170, Uppal Nagar",560202,Diabetes,104,43
508,509,P0509-6507-2,Eshani Shroff,1965-07-13,60,Female,B-,24.0,"864, Golla Nagar",560009,Depression,93,9
509,510,P0510-7901-2,Misha Johal,1979-01-08,46,Female,B+,21.1,"95/963, Tara Chowk",571003,Asthma,64,83
510,511,P0511-5504-2,Anahita Rama,1955-04-21,70,Female,O-,23.9,"91
Gaba",560002,Epilepsy,92,2
511,512,P0512-7008-1,Hridaan Bhavsar,1970-08-15,54,Male,A+,23.2,"09/81
Karan Path",570009,Epilepsy,85,79
512,513,P0513-4905-1,Vardaniya Master,1949-05-22,76,Male,AB+,24.1,"14, Thaman Street",560202,Depression,94,43
513,514,P0514-0202-1,Indranil Subramanian,2002-02-14,23,Male,B+,21.1,"012, Khatri Nagar",560014,Asthma,64,14
514,515,P0515-5808-2,Indranil Gole,1958-08-24,66,Female,AB+,22.0,"H.No. 35, Saini Marg",560104,Hypertension,73,35
515,516,P0516-0302-1,Lakshit Lata,2003-02-16,22,Male,A+,21.9,"H.No. 97
Srinivas Marg",571007,Gout,72,87
516,517,P0517-5108-1,Keya Varty,1951-08-09,73,Male,AB+,23.3,"H.No. 53
Som",571005,Diabetes,86,85
517,518,P0518-0109-1,Veer Deep,2001-09-27,23,Male,O-,21.4,"385
Sodhi Marg",560025,Sleep Apnea,67,25
518,519,P0519-8412-1,Shlok Ramaswamy,1984-12-26,40,Male,O+,22.0,"H.No. 623
Kibe Road",560026,Heart Disease,73,26
519,520,P0520-9412-1,Aaina Lad,1994-12-27,30,Male,A+,29.3,"11, Kalita Road",571001,Epilepsy,146,81
520,521,P0521-5410-2,Zaina Sridhar,1954-10-22,70,Female,O+,24.3,"15/77
Saxena Marg",560203,Asthma,96,44
521,522,P0522-8611-1,Pihu Swaminathan,1986-11-27,38,Male,A+,22.3,"83/17, Ben Ganj",570003,Heart Disease,76,73
522,523,P0523-5404-1,Tejas Boase,1954-04-11,71,Male,AB-,26.9,"H.No. 14, Balakrishnan Marg",570009,Dementia,122,79
523,524,P0524-5609-1,Azad Raj,1956-09-14,68,Male,O+,28.3,"83, Srivastava Chowk",561003,Asthma,136,53
524,525,P0525-4301-2,Shaan Maharaj,1943-01-14,82,Female,B+,22.4,"58
Bhandari Marg",560203,Asthma,77,44
525,526,P0526-8505-1,Arnav Choudhury,1985-05-20,40,Male,O+,26.2,"H.No. 130
Khare Circle",560027,Heart Disease,115,27
526,527,P0527-8509-2,Nayantara Sridhar,1985-09-26,39,Female,A-,24.2,"22, Gokhale Street",560013,Diabetes,95,13
527,528,P0528-4412-2,Kimaya Yogi,1944-12-27,80,Female,AB+,27.5,"H.No. 68
Seshadri Street",562002,Asthma,128,62
528,529,P0529-6406-1,Shray Luthra,1964-06-07,61,Male,O+,24.3,"H.No. 703
Andra Road",561009,Asthma,96,59
529,530,P0530-6609-2,Zoya Mani,1966-09-10,58,Female,O+,26.4,"28/08, Choudhury Ganj",561008,Depression,117,58
530,531,P0531-0507-2,Himmat Hans,2005-07-31,19,Female,AB+,24.6,"H.No. 449, Krish Road",572005,Gout,99,95
531,532,P0532-9311-2,Krish Dhar,1993-11-21,31,Female,B+,22.1,"H.No. 577
Venkatesh",561008,Epilepsy,74,58
532,533,P0533-0301-2,Inaaya  Hayre,2003-01-11,22,Female,O+,21.8,"09/09, Bhakta Path",570005,Dementia,71,75
533,534,P0534-6205-2,Kartik Thakur,1962-05-21,63,Female,O-,22.8,"H.No. 36
Handa Nagar",561010,Depression,81,60
534,535,P0535-0509-2,Kashvi Borra,2005-09-21,19,Female,B+,21.7,"74/03
Mahal Chowk",561001,Sleep Apnea,70,51
535,536,P0536-6209-1,Zain Suresh,1962-09-14,62,Male,AB+,25.4,"67/45
Vyas Street",570005,Diabetes,107,75
536,537,P0537-4509-1,Veer Kalita,1945-09-25,79,Male,B+,26.7,"87
Jayaraman Street",560107,Depression,120,38
537,538,P0538-5312-2,Nakul Rajan,1953-12-18,71,Female,O+,26.5,"78/886
Chacko Chowk",570005,Osteoporosis,118,75
538,539,P0539-9809-1,Sumer Sahota,1998-09-10,26,Male,O-,25.0,"654
Bawa Marg",560209,Hypertension,103,50
539,540,P0540-0501-2,Divyansh Samra,2005-01-23,20,Female,AB+,30.7,"47/66
Sachdev Zila",560015,Sleep Apnea,160,15
540,541,P0541-5901-2,Advika Badal,1959-01-07,66,Female,B+,21.1,"38/45, Chaudry Marg",560016,Hypertension,64,16
541,542,P0542-7804-1,Vivaan Balasubramanian,1978-04-21,47,Male,O-,26.7,"H.No. 66
Dyal Ganj",560101,Gout,120,32
542,543,P0543-4109-2,Aaryahi Bhatti,1941-09-25,83,Female,B-,22.9,"H.No. 96, Contractor Street",570003,Diabetes,82,73
543,544,P0544-9704-1,Vanya Kumar,1997-04-29,28,Male,B+,26.8,"07/53, Arya Nagar",571006,Depression,121,86
544,545,P0545-6510-2,Kiaan Chaudhari,1965-10-30,59,Female,A+,24.4,"83
Vig Ganj",561004,Osteoporosis,97,54
545,546,P0546-8308-1,Seher Borah,1983-08-28,41,Male,O+,24.2,"27/606, Trivedi Path",562010,Heart Disease,95,70
546,547,P0547-4810-1,Rania Grewal,1948-10-21,76,Male,O-,28.3,"93, Saraf Street",560102,Healthy,136,33
547,548,P0548-0412-2,Gokul Dyal,2004-12-31,20,Female,B-,26.2,"18/332, Varkey Street",561001,Dementia,115,51
548,549,P0549-6005-1,Badal Kuruvilla,1960-05-17,65,Male,A-,23.8,"H.No. 46
Saxena Marg",560024,Depression,91,24
549,550,P0550-5812-1,Anvi Ghosh,1958-12-18,66,Male,A+,24.4,"H.No. 999, Ghosh Path",562010,Diabetes,97,70
550,551,P0551-0003-2,Rati Shere,2000-03-19,25,Female,O-,24.8,"810
Wali Zila",562003,Hypertension,101,63
551,552,P0552-5304-1,Samiha Chatterjee,1953-04-27,72,Male,B+,25.7,"19
Rao Marg",560007,Hypertension,110,7
552,553,P0553-7307-2,Uthkarsh Dutt,1973-07-24,51,Female,O+,25.9,"H.No. 13
Majumdar Circle",560003,Sleep Apnea,112,3
553,554,P0554-8912-2,Armaan Doshi,1989-12-29,35,Female,A-,21.6,"H.No. 48
Dubey",560011,Epilepsy,69,11
554,555,P0555-4510-1,Mamooty Sagar,1945-10-02,79,Male,B+,25.2,"H.No. 37, Garg Nagar",560106,Epilepsy,105,37
555,556,P0556-7202-2,Anya Bhatt,1972-02-17,53,Female,A-,23.3,"H.No. 790
Lanka Marg",570001,Hypertension,86,71
556,557,P0557-5204-2,Vivaan Shah,1952-04-17,73,Female,O+,24.2,"79, Dixit",572010,Depression,95,100
557,558,P0558-9204-1,Jayant Goswami,1992-04-19,33,Male,O+,21.6,"918
Kurian Nagar",560007,Gout,69,7
558,559,P0559-5704-2,Ritvik Balay,1957-04-29,68,Female,O+,26.5,"54, Banerjee Marg",560106,Depression,118,37
559,560,P0560-5203-2,Ishaan Balan,1952-03-03,73,Female,O+,21.3,"H.No. 51, Sehgal Path",560019,Depression,66,19
560,561,P0561-7401-2,Reyansh Kapur,1974-01-09,51,Female,O-,21.0,"H.No. 405
Sarna Path",571008,Depression,63,88
561,562,P0562-5510-2,Stuvan Choudhury,1955-10-08,69,Female,A-,20.2,"H.No. 683, Tank Zila",570010,Diabetes,55,80
562,563,P0563-4203-2,Nishith Dar,1942-03-09,83,Female,B+,23.7,"58, Bal Path",572009,Diabetes,90,99
563,564,P0564-7308-1,Stuvan Grover,1973-08-11,51,Male,B+,25.1,"20
Vyas Circle",561009,Hypertension,104,59
564,565,P0565-6906-1,Aarna Date,1969-06-27,56,Male,O+,23.7,"H.No. 980, Ranganathan Path",570009,Gout,90,79
565,566,P0566-8911-2,Faiyaz Buch,1989-11-23,35,Female,B+,20.3,"H.No. 419, Sehgal Circle",570002,Epilepsy,56,72
566,567,P0567-5208-1,Vaibhav Trivedi,1952-08-12,72,Male,A-,24.9,"H.No. 851
Ram Ganj",570008,Sleep Apnea,102,78
567,568,P0568-9504-1,Vidur Zachariah,1995-04-07,30,Male,B+,25.3,"41/69, Raj Zila",561001,Gout,106,51
568,569,P0569-4309-2,Yakshit Kade,1943-09-30,81,Female,A+,20.6,"540
Garde Path",561008,Dementia,59,58
569,570,P0570-7305-2,Shanaya Ahluwalia,1973-05-16,52,Female,B+,23.2,"31, Saran Circle",562007,Hypertension,85,67
570,571,P0571-0011-1,Pari Manda,2000-11-19,24,Male,O-,24.0,"28
De Nagar",560106,Hypertension,93,37
571,572,P0572-7801-1,Nakul Dey,1978-01-12,47,Male,O-,26.5,"296, Mani Road",572003,Hypertension,118,93
572,573,P0573-4605-1,Rasha Borra,1946-05-19,79,Male,B+,22.9,"935, Iyengar Nagar",560004,Dementia,82,4
573,574,P0574-6510-1,Neysa Sandal,1965-10-06,59,Male,A+,24.4,"251
Kapadia Path",570006,Epilepsy,97,76
574,575,P0575-4912-1,Tiya Bhakta,1949-12-12,75,Male,AB+,25.9,"H.No. 08, Sagar Zila",561003,Dementia,112,53
575,576,P0576-5605-2,Ela Bhatia,1956-05-19,69,Female,B-,25.2,"H.No. 616, Gola Marg",572006,Diabetes,105,96
576,577,P0577-9512-1,Riya Anne,1995-12-18,29,Male,O-,19.8,"H.No. 64
Mammen Chowk",560027,Depression,51,27
577,578,P0578-5411-2,Charvi Sibal,1954-11-08,70,Female,AB+,25.7,"H.No. 592, Tara Ganj",562002,Asthma,110,62
578,579,P0579-5112-1,Adira Bhavsar,1951-12-10,73,Male,B+,21.6,"H.No. 28, Borde Zila",560005,Epilepsy,69,5
579,580,P0580-8202-2,Ivan Batra,1982-02-17,43,Female,A+,23.1,"88, Badal Circle",570007,Hypertension,84,77
580,581,P0581-8801-2,Aniruddh Wali,1988-01-01,37,Female,B+,24.1,"H.No. 162
Loke Nagar",560001,Gout,94,1
581,582,P0582-5606-1,Aradhya Sachdeva,1956-06-05,69,Male,A+,26.5,"30/26, Dhillon Zila",560026,Osteoporosis,118,26
582,583,P0583-8009-2,Sara Mangal,1980-09-01,44,Female,O+,21.8,"H.No. 69, Kadakia Zila",560014,Depression,71,14
583,584,P0584-4408-1,Rohan Basak,1944-08-21,80,Male,B+,22.7,"45/68, Gole Ganj",560028,Epilepsy,80,28
584,585,P0585-4106-2,Zaina Kant,1941-06-26,84,Female,O+,24.5,"80/207
Sarma Path",560020,Gout,98,20
585,586,P0586-8606-1,Jiya Gola,1986-06-01,39,Male,A+,25.3,"H.No. 53, Mani Circle",562002,Diabetes,106,62
586,587,P0587-4311-1,Armaan Majumdar,1943-11-22,81,Male,B+,24.8,"89/30
Ratta Zila",561001,Dementia,101,51
587,588,P0588-9504-2,Lakshay Boase,1995-04-13,30,Female,O+,23.8,"59/773, Varty Zila",561007,Healthy,91,57
588,589,P0589-9503-1,Mishti Saraf,1995-03-31,30,Male,O+,22.4,"984, Aggarwal Ganj",560201,Gout,77,42
589,590,P0590-4604-2,Jayan Deshmukh,1946-04-17,79,Female,A+,20.8,"80/09
Chakraborty Marg",561004,Epilepsy,61,54
590,591,P0591-9208-1,Jhanvi Reddy,1992-08-24,32,Male,B+,22.3,"H.No. 07, Bose Street",571004,Dementia,76,84
591,592,P0592-5212-1,Pranay Yohannan,1952-12-14,72,Male,A-,23.0,"H.No. 933
Balan Circle",562010,Dementia,83,70
592,593,P0593-6111-1,Saanvi Vaidya,1961-11-13,63,Male,B+,26.7,"97
Banerjee Ganj",571005,Gout,120,85
593,594,P0594-0404-1,Ojas Kata,2004-04-26,21,Male,O+,26.7,"H.No. 66
Kapoor Marg",571004,Dementia,120,84
594,595,P0595-5709-1,Dhanuk Chandra,1957-09-17,67,Male,A-,24.0,"H.No. 02, Swaminathan Road",562004,Depression,93,64
595,596,P0596-5404-1,Urvi Ben,1954-04-02,71,Male,O+,22.1,"H.No. 233, Vasa Road",560021,Osteoporosis,74,21
596,597,P0597-9106-2,Kaira Jhaveri,1991-06-14,34,Female,B+,27.4,"H.No. 472
Jhaveri Road",560105,Diabetes,127,36
597,598,P0598-0111-1,Samarth Babu,2001-11-14,23,Male,A-,21.5,"34/992
Acharya Marg",560007,Diabetes,68,7
598,599,P0599-7705-1,Mannat Deep,1977-05-09,48,Male,O-,24.9,"55/140, Bhargava Path",560006,Heart Disease,102,6
599,600,P0600-5910-2,Rohan Mahal,1959-10-06,65,Female,B+,21.6,"88/26
Gandhi Zila",560015,Asthma,69,15
600,601,P0601-7711-1,Krish Dhar,1977-11-02,47,Male,AB+,24.1,"H.No. 051
Khalsa Nagar",560014,Asthma,94,14
601,602,P0602-8306-2,Oorja Sankar,1983-06-03,42,Female,O+,24.2,"11/510
Kumar",562001,Asthma,95,61
602,603,P0603-5808-1,Anya Chatterjee,1958-08-16,66,Male,A+,27.8,"36/145
Suresh Nagar",560204,Hypertension,131,45
603,604,P0604-9701-2,Madhup Walia,1997-01-31,28,Female,AB+,23.3,"186, Kannan Street",562005,Gout,86,65
604,605,P0605-0502-1,Parinaaz Kala,2005-02-15,20,Male,B+,25.5,"604
Bhardwaj Street",560029,Dementia,108,29
605,606,P0606-4405-2,Jhanvi Bahri,1944-05-06,81,Female,B+,25.7,"63/816, Balasubramanian Path",560011,Osteoporosis,110,11
606,607,P0607-5506-1,Lagan Kar,1955-06-14,70,Male,AB+,22.0,"88, Dasgupta Ganj",560102,Dementia,73,33
607,608,P0608-5303-1,Alisha Date,1953-03-21,72,Male,O+,18.8,"42
Kadakia",560018,Hypertension,41,18
608,609,P0609-9303-1,Bhamini Kapoor,1993-03-08,32,Male,A+,24.1,"78/87
Grover Circle",560107,Healthy,94,38
609,610,P0610-5709-1,Gokul Luthra,1957-09-03,67,Male,O+,24.5,"33/82
Goda Zila",560020,Diabetes,98,20
610,611,P0611-6712-2,Aradhya Dugal,1967-12-18,57,Female,O+,24.7,"07/98, Swamy Nagar",560022,Asthma,100,22
611,612,P0612-4605-2,Samarth Khanna,1946-05-01,79,Female,A-,22.9,"936
Mammen Street",560100,Hypertension,82,31
612,613,P0613-0004-1,Jayant Chakraborty,2000-04-22,25,Male,A+,23.9,"22/34, Singh Street",560107,Asthma,92,38
613,614,P0614-0511-2,Lagan Kalla,2005-11-03,19,Female,B+,25.3,"986
Bose",570005,Depression,106,75
614,615,P0615-9912-2,Nirvaan Agrawal,1999-12-12,25,Female,O+,27.4,"20/19, Cheema Zila",561006,Osteoporosis,127,56
615,616,P0616-9306-1,Anaya Gopal,1993-06-26,32,Male,O+,26.6,"H.No. 272, Banik Path",571002,Healthy,119,82
616,617,P0617-4711-1,Rati Tank,1947-11-19,77,Male,B+,21.1,"14/830, Mahajan Zila",561007,Gout,64,57
617,618,P0618-4207-1,Darshit Kapoor,1942-07-27,82,Male,AB+,22.5,"H.No. 35
Ranganathan Circle",560106,Epilepsy,78,37
618,619,P0619-7406-2,Samarth Talwar,1974-06-06,51,Female,AB-,21.1,"60/83, Wali Nagar",572009,Dementia,64,99
619,620,P0620-6412-2,Prisha Khanna,1964-12-15,60,Female,O+,26.7,"534
Suresh Road",560206,Dementia,120,47
620,621,P0621-0005-2,Nitya Dewan,2000-05-20,25,Female,A-,28.6,"66, Batta Marg",560104,Hypertension,139,35
621,622,P0622-7005-2,Lavanya Lata,1970-05-26,55,Female,B-,23.1,"H.No. 592
Karan Nagar",571009,Osteoporosis,84,89
622,623,P0623-8604-2,Kashvi Uppal,1986-04-01,39,Female,O+,23.4,"25
Anand Street",560028,Healthy,87,28
623,624,P0624-4910-2,Dhanuk Chakraborty,1949-10-17,75,Female,B+,25.1,"811, Balakrishnan Zila",560029,Epilepsy,104,29
624,625,P0625-6512-2,Vihaan Sandhu,1965-12-12,59,Female,A-,23.0,"H.No. 069
Chawla Zila",560103,Diabetes,83,34
625,626,P0626-4702-2,Indrajit Loyal,1947-02-07,78,Female,O+,25.6,"55/744
Gulati",560106,Epilepsy,109,37
626,627,P0627-8903-1,Jivin Bansal,1989-03-07,36,Male,B-,22.9,"56/708, Sankaran Circle",571007,Epilepsy,82,87
627,628,P0628-5611-1,Aniruddh Raman,1956-11-06,68,Male,B-,22.7,"930, Dar Marg",571009,Asthma,80,89
628,629,P0629-0203-2,Chirag Shere,2002-03-07,23,Female,O+,27.0,"98/952, Kumer",561009,Osteoporosis,123,59
629,630,P0630-4606-1,Madhup Madan,1946-06-19,79,Male,O+,25.0,"H.No. 70
Bandi Chowk",560016,Diabetes,103,16
630,631,P0631-9411-1,Indrans Dyal,1994-11-24,30,Male,B-,24.9,"73/71
Varghese Circle",570010,Gout,102,80
631,632,P0632-6403-2,Jayan Badami,1964-03-19,61,Female,B+,24.0,"H.No. 23
Arora Path",560001,Sleep Apnea,93,1
632,633,P0633-8504-2,Indrans Chander,1985-04-08,40,Female,O+,23.1,"H.No. 94, Kalita Chowk",560028,Epilepsy,84,28
633,634,P0634-6310-1,Sana Saxena,1963-10-09,61,Male,A+,23.4,"09/80, Kaul Road",562005,Sleep Apnea,87,65
634,635,P0635-4110-2,Badal Sabharwal,1941-10-31,83,Female,B-,26.1,"H.No. 795
Roy Circle",560108,Hypertension,114,39
635,636,P0636-0002-1,Arhaan Konda,2000-02-08,25,Male,O-,22.0,"H.No. 154, Salvi Nagar",560028,Epilepsy,73,28
636,637,P0637-9001-1,Renee Bali,1990-01-07,35,Male,AB+,23.3,"96/67, Sarraf Nagar",570008,Hypertension,86,78
637,638,P0638-4903-2,Vedika Trivedi,1949-03-15,76,Female,O+,22.5,"713, Keer Street",571008,Dementia,78,88
638,639,P0639-8807-2,Hansh Dugar,1988-07-17,36,Female,A+,23.9,"H.No. 611
Sandhu Circle",562006,Epilepsy,92,66
639,640,P0640-5009-1,Fateh Kale,1950-09-17,74,Male,B+,24.8,"36/06
Doctor Marg",562009,Sleep Apnea,101,69
640,641,P0641-9903-1,Nitara Shankar,1999-03-22,26,Male,AB-,24.8,"H.No. 444, Loyal Circle",561006,Hypertension,101,56
641,642,P0642-6710-1,Urvi Iyengar,1967-10-07,57,Male,O+,23.5,"43/67
Lal Circle",562001,Diabetes,88,61
642,643,P0643-0105-2,Tarini Chowdhury,2001-05-27,24,Female,B+,25.9,"H.No. 281
Sampath",571009,Osteoporosis,112,89
643,644,P0644-4604-1,Suhana Deo,1946-04-21,79,Male,A+,20.9,"14/858
Kala",560104,Hypertension,62,35
644,645,P0645-7512-1,Chirag Barad,1975-12-13,49,Male,AB+,25.0,"62
Kala Zila",560021,Osteoporosis,103,21
645,646,P0646-5912-2,Hrishita Ramaswamy,1959-12-23,65,Female,B-,23.0,"25/948, Dhar Zila",561010,Gout,83,60
646,647,P0647-8612-1,Mohanlal Hayre,1986-12-19,38,Male,A+,24.3,"139
Amble Zila",560022,Osteoporosis,96,22
647,648,P0648-7804-2,Pari Rout,1978-04-19,47,Female,B+,21.7,"71, Talwar Ganj",560017,Diabetes,70,17
648,649,P0649-6004-1,Shaan Choudhry,1960-04-26,65,Male,O+,24.8,"66/473
Bora Street",562007,Gout,101,67
649,650,P0650-9001-2,Jiya Tak,1990-01-03,35,Female,AB-,22.8,"91/085, Thakur",562004,Asthma,81,64
650,651,P0651-8203-2,Veer Chawla,1982-03-26,43,Female,A+,19.7,"H.No. 054
Barman Ganj",560104,Gout,50,35
651,652,P0652-5205-2,Priyansh Kalita,1952-05-15,73,Female,O+,20.9,"670
Lad",560204,Hypertension,62,45
652,653,P0653-6708-1,Tejas Kara,1967-08-31,57,Male,O+,23.5,"72, Sibal Zila",571006,Gout,88,86
653,654,P0654-9408-2,Vardaniya Sen,1994-08-11,30,Female,A+,23.5,"H.No. 896
Sanghvi Zila",560018,Epilepsy,88,18
654,655,P0655-5201-2,Hridaan Jha,1952-01-14,73,Female,AB+,24.3,"89/641
Deshmukh Circle",560018,Epilepsy,96,18
655,656,P0656-8207-2,Aayush Yadav,1982-07-19,42,Female,O+,22.8,"76/24, Raju Street",562001,Asthma,81,61
656,657,P0657-4508-2,Aniruddh Mani,1945-08-23,79,Female,B+,24.4,"04/99
Kadakia",560103,Asthma,97,34
657,658,P0658-4507-1,Eva Grewal,1945-07-29,79,Male,A+,24.6,"H.No. 734, Koshy Zila",560025,Asthma,99,25
658,659,P0659-6904-2,Vedika Gopal,1969-04-13,56,Female,A+,21.5,"440, Loke Marg",560025,Heart Disease,68,25
659,660,P0660-9202-2,Nishith Basu,1992-02-17,33,Female,AB+,22.0,"H.No. 782, Behl Zila",560023,Heart Disease,73,23
660,661,P0661-5309-2,Kaira Kashyap,1953-09-20,71,Female,B+,24.1,"H.No. 94
Bir Path",570006,Diabetes,94,76
661,662,P0662-4809-2,Kavya Sridhar,1948-09-29,76,Female,O-,25.6,"898, Kohli",572010,Heart Disease,109,100
662,663,P0663-4003-2,Yashvi Babu,1940-03-17,85,Female,A+,24.1,"41/880, Lala Circle",560208,Dementia,94,49
663,664,P0664-7008-1,Nirvaan Deshpande,1970-08-25,54,Male,O+,20.6,"75/993, Sunder Path",560109,Diabetes,59,40
664,665,P0665-0507-1,Umang Karan,2005-07-03,20,Male,O+,23.1,"36
Vyas Nagar",561002,Gout,84,52
665,666,P0666-5302-2,Krish Zachariah,1953-02-21,72,Female,O-,23.7,"50/402, Bahl Path",560102,Sleep Apnea,90,33
666,667,P0667-8902-1,Azad Agrawal,1989-02-10,36,Male,O+,22.5,"986, Gill Street",560004,Dementia,78,4
667,668,P0668-7912-2,Urvi Comar,1979-12-14,45,Female,B+,25.1,"54/733, Andra Road",560014,Gout,104,14
668,669,P0669-4602-1,Navya Malhotra,1946-02-07,79,Male,A-,24.0,"98, Sagar Ganj",560006,Gout,93,6
669,670,P0670-7203-2,Khushi Dani,1972-03-12,53,Female,O+,25.5,"069, Sunder Nagar",560006,Asthma,108,6
670,671,P0671-7110-1,Indrans Sahni,1971-10-29,53,Male,B+,26.2,"883
Chahal Zila",560026,Epilepsy,115,26
671,672,P0672-7606-1,Kashvi Arya,1976-06-28,49,Male,O+,24.3,"44/76
Ray Circle",562005,Diabetes,96,65
672,673,P0673-0103-1,Yuvraj  Chaudhry,2001-03-25,24,Male,A+,22.8,"H.No. 804
Wagle",561008,Diabetes,81,58
673,674,P0674-0012-1,Indranil Bahri,2000-12-28,24,Male,O+,23.6,"06/005
Agate Nagar",560207,Hypertension,89,48
674,675,P0675-4506-2,Aniruddh Kari,1945-06-20,80,Female,B-,23.7,"H.No. 390, Varughese Marg",560024,Heart Disease,90,24
675,676,P0676-0010-2,Vaibhav Dora,2000-10-27,24,Female,B-,26.0,"H.No. 45, Thakkar Nagar",560026,Gout,113,26
676,677,P0677-9904-2,Purab Dora,1999-04-02,26,Female,O+,24.6,"012, Dutt Path",562008,Sleep Apnea,99,68
677,678,P0678-4903-1,Indranil Rege,1949-03-18,76,Male,AB+,24.2,"12
Korpal Road",560016,Gout,95,16
678,679,P0679-9710-1,Vedika Doctor,1997-10-21,27,Male,A+,22.5,"69/66, Khatri Chowk",560025,Heart Disease,78,25
679,680,P0680-7305-1,Pranay Kalita,1973-05-03,52,Male,B+,25.4,"021, Kibe Ganj",561004,Diabetes,107,54
680,681,P0681-8207-1,Nitya Barad,1982-07-03,43,Male,B+,24.3,"73/65
Krishnamurthy Zila",560204,Dementia,96,45
681,682,P0682-4011-1,Yuvraj  Balan,1940-11-05,84,Male,A+,23.3,"25, Hegde Nagar",561009,Depression,86,59
682,683,P0683-5507-2,Sana Tripathi,1955-07-10,70,Female,A+,22.3,"36/45, Toor Path",562007,Hypertension,76,67
683,684,P0684-4810-1,Ritvik Rao,1948-10-22,76,Male,B+,25.9,"936
Kuruvilla Ganj",561010,Epilepsy,112,60
684,685,P0685-4104-1,Akarsh Sura,1941-04-16,84,Male,AB+,25.2,"26
Sule Nagar",560027,Healthy,105,27
685,686,P0686-0001-1,Mamooty Sharma,2000-01-23,25,Male,O+,23.5,"77/86
Saran Marg",560021,Hypertension,88,21
686,687,P0687-8804-2,Aarav Halder,1988-04-28,37,Female,O+,23.7,"H.No. 381, Halder Nagar",560015,Hypertension,90,15
687,688,P0688-0401-1,Ayesha Guha,2004-01-10,21,Male,A+,25.9,"61/226, Bhagat Street",572004,Diabetes,112,94
688,689,P0689-6004-1,Jiya Saxena,1960-04-30,65,Male,A-,23.5,"H.No. 743, Kant Circle",560004,Asthma,88,4
689,690,P0690-6207-1,Uthkarsh Hayer,1962-07-23,62,Male,O+,23.7,"86/78, Koshy Nagar",560205,Hypertension,90,46
690,691,P0691-8412-2,Priyansh Tiwari,1984-12-02,40,Female,B+,24.2,"H.No. 079
Bava Zila",572008,Diabetes,95,98
691,692,P0692-6210-2,Kismat Ramesh,1962-10-16,62,Female,A+,25.5,"H.No. 554, Aggarwal",560100,Epilepsy,108,31
692,693,P0693-6205-1,Rasha Warrior,1962-05-25,63,Male,B+,23.8,"21/940
Batta Road",560022,Sleep Apnea,91,22
693,694,P0694-5808-2,Dharmajan Varghese,1958-08-25,66,Female,B+,23.4,"96/78, Bora Nagar",571003,Epilepsy,87,83
694,695,P0695-7501-1,Prerak Khanna,1975-01-29,50,Male,AB+,23.7,"H.No. 422
Basak Nagar",561003,Epilepsy,90,53
695,696,P0696-6003-1,Devansh Agate,1960-03-24,65,Male,O+,20.7,"H.No. 273
Kannan",560201,Dementia,60,42
696,697,P0697-7409-1,Manjari Kata,1974-09-13,50,Male,A+,21.1,"400, Master",560106,Epilepsy,64,37
697,698,P0698-7804-2,Rania Mann,1978-04-27,47,Female,A-,26.0,"19/73, Balasubramanian Zila",560018,Depression,113,18
698,699,P0699-7305-2,Bhavin Chokshi,1973-05-04,52,Female,A+,24.7,"60/856
Sami Marg",570004,Diabetes,100,74
699,700,P0700-5808-2,Hridaan Chokshi,1958-08-28,66,Female,O+,22.8,"H.No. 115, Bumb Nagar",571008,Epilepsy,81,88
700,701,P0701-9809-1,Priyansh Vala,1998-09-09,26,Male,A+,21.3,"01, Ramanathan",560013,Asthma,66,13
701,702,P0702-5304-1,Rhea Deep,1953-04-07,72,Male,A+,25.9,"45/25
Babu Circle",560027,Dementia,112,27
702,703,P0703-9505-2,Hridaan Das,1995-05-31,30,Female,O+,25.1,"H.No. 93
Kaul Street",560101,Gout,104,32
703,704,P0704-8504-1,Azad Bedi,1985-04-22,40,Male,AB+,21.8,"39/336
Din",560108,Depression,71,39
704,705,P0705-6404-2,Romil Buch,1964-04-29,61,Female,O+,24.3,"86/96
Kannan Street",570002,Asthma,96,72
705,706,P0706-8404-1,Kaira Guha,1984-04-15,41,Male,O+,25.7,"70/311
Chakrabarti",560108,Sleep Apnea,110,39
706,707,P0707-5308-1,Heer Shroff,1953-08-09,71,Male,O+,19.4,"H.No. 80, Verma Ganj",570003,Epilepsy,47,73
707,708,P0708-6210-2,Taimur Dhillon,1962-10-12,62,Female,A+,23.4,"219
Sule Road",560107,Sleep Apnea,87,38
708,709,P0709-4506-2,Tejas Dube,1945-06-17,80,Female,O-,24.4,"03/91
Salvi Marg",560102,Healthy,97,33
709,710,P0710-7004-2,Sahil Rattan,1970-04-28,55,Female,A+,26.6,"114
Gera Path",571002,Gout,119,82
710,711,P0711-6010-2,Ahana  Bhavsar,1960-10-20,64,Female,A+,25.5,"H.No. 091
Sodhi Ganj",571003,Heart Disease,108,83
711,712,P0712-8801-2,Aradhya Dhaliwal,1988-01-19,37,Female,B+,24.7,"H.No. 02
Venkatesh Ganj",561006,Hypertension,100,56
712,713,P0713-4811-2,Ryan Jain,1948-11-19,76,Female,B+,23.8,"96/75, Mahal Marg",560023,Heart Disease,91,23
713,714,P0714-4808-1,Shray Badal,1948-08-25,76,Male,O+,21.1,"480, Balakrishnan Road",570005,Asthma,64,75
714,715,P0715-9809-2,Zaina Bhargava,1998-09-12,26,Female,O-,22.9,"H.No. 67, Balasubramanian Marg",560007,Gout,82,7
715,716,P0716-7405-2,Miraan Varghese,1974-05-13,51,Female,O+,20.5,"70/17
Dugar",560207,Asthma,58,48
716,717,P0717-8003-2,Raghav Kanda,1980-03-16,45,Female,O+,21.4,"80, Sharma Chowk",560207,Depression,67,48
717,718,P0718-9303-2,Faiyaz Shah,1993-03-18,32,Female,O+,24.2,"20/20
Wadhwa Circle",561004,Healthy,95,54
718,719,P0719-7109-2,Divij Sen,1971-09-25,53,Female,AB+,23.1,"053
Jayaraman Path",560203,Depression,84,44
719,720,P0720-4308-2,Dishani Keer,1943-08-23,81,Female,AB+,22.4,"H.No. 614, Tara Zila",560201,Osteoporosis,77,42
720,721,P0721-0106-1,Zara Soman,2001-06-18,24,Male,A-,21.1,"02/48, Ghose Circle",561006,Asthma,64,56
721,722,P0722-4811-1,Mishti Savant,1948-11-29,76,Male,B+,24.4,"770
Dhaliwal Path",570004,Heart Disease,97,74
722,723,P0723-8003-2,Farhan Dhillon,1980-03-21,45,Female,A-,23.9,"H.No. 21
Subramaniam Marg",560203,Healthy,92,44
723,724,P0724-0004-2,Ira Sami,2000-04-10,25,Female,O+,23.1,"94, Dasgupta Marg",560103,Sleep Apnea,84,34
724,725,P0725-7309-2,Myra Sehgal,1973-09-22,51,Female,A+,23.8,"H.No. 306, Rajagopalan Zila",560204,Depression,91,45
725,726,P0726-5005-1,Damini Bansal,1950-05-27,75,Male,O+,23.6,"H.No. 31, Rajan Nagar",570010,Asthma,89,80
726,727,P0727-8909-1,Aayush Chand,1989-09-21,35,Male,A+,23.7,"42/32
Ganesan",560104,Gout,90,35
727,728,P0728-5908-2,Zain Ramachandran,1959-08-19,65,Female,B+,25.9,"84/988, Randhawa Chowk",562001,Diabetes,112,61
728,729,P0729-7509-1,Elakshi Kohli,1975-09-27,49,Male,A+,26.5,"91
Rau Path",560106,Osteoporosis,118,37
729,730,P0730-9105-2,Rohan Kamdar,1991-05-02,34,Female,B+,20.5,"H.No. 030
Sant Ganj",560107,Diabetes,58,38
730,731,P0731-8011-2,Adira Singh,1980-11-26,44,Female,O+,26.4,"21/543
Brahmbhatt Path",570007,Healthy,117,77
731,732,P0732-7405-1,Eshani Sha,1974-05-10,51,Male,B+,24.1,"H.No. 638
Deshmukh Marg",560100,Heart Disease,94,31
732,733,P0733-8008-1,Yasmin Bera,1980-08-20,44,Male,B-,24.9,"218
Dutt Marg",562006,Asthma,102,66
733,734,P0734-0110-2,Urvi Sawhney,2001-10-09,23,Female,O+,23.3,"918, Krish Circle",560022,Heart Disease,86,22
734,735,P0735-4411-2,Raunak Gill,1944-11-07,80,Female,O+,22.0,"H.No. 361, Doshi Marg",570003,Osteoporosis,73,73
735,736,P0736-0108-2,Jivin Ram,2001-08-14,23,Female,O+,26.8,"79/45, Chander Path",572009,Healthy,121,99
736,737,P0737-5602-2,Vihaan Baria,1956-02-06,69,Female,AB+,24.6,"184
Swaminathan Chowk",560003,Hypertension,99,3
737,738,P0738-7110-1,Tushar Shankar,1971-10-01,53,Male,AB+,24.3,"85/24, Vala Circle",560022,Gout,96,22
738,739,P0739-7110-2,Diya Ray,1971-10-31,53,Female,O-,26.3,"H.No. 08, Dara Path",561006,Asthma,116,56
739,740,P0740-8504-2,Dhanuk Anand,1985-04-04,40,Female,B-,31.0,"H.No. 95
Baral Path",560027,Epilepsy,163,27
740,741,P0741-6408-2,Hrishita Dass,1964-08-02,60,Female,B+,23.2,"250
Mann Path",572001,Osteoporosis,85,91
741,742,P0742-8906-2,Dhruv Sarna,1989-06-09,36,Female,O+,26.1,"H.No. 50, Bahl Zila",562009,Diabetes,114,69
742,743,P0743-5602-2,Nakul Sastry,1956-02-21,69,Female,A+,22.0,"119, Chaudhari Marg",560012,Osteoporosis,73,12
743,744,P0744-4510-1,Nayantara Gopal,1945-10-30,79,Male,B+,23.7,"707
Mahal Nagar",560012,Sleep Apnea,90,12
744,745,P0745-8207-2,Samiha Soman,1982-07-25,42,Female,O+,26.1,"449
Kibe Nagar",560108,Asthma,114,39
745,746,P0746-9412-1,Urvi Chatterjee,1994-12-27,30,Male,AB+,24.4,"H.No. 98
Vala Marg",561003,Asthma,97,53
746,747,P0747-0006-1,Dishani Ben,2000-06-12,25,Male,O+,24.9,"67, Rama",560109,Diabetes,102,40
747,748,P0748-7506-2,Devansh Rao,1975-06-29,50,Female,B+,28.3,"67/496
Rege Marg",560007,Hypertension,136,7
748,749,P0749-9902-1,Darshit Sarkar,1999-02-14,26,Male,O+,23.8,"H.No. 513
Sane Chowk",561008,Epilepsy,91,58
749,750,P0750-4401-2,Ivan Gill,1944-01-24,81,Female,B-,26.3,"65
Lal Zila",560025,Dementia,116,25
750,751,P0751-4111-2,Saanvi Choudhary,1941-11-22,83,Female,B+,24.6,"231, Ahuja Street",560013,Epilepsy,99,13
751,752,P0752-9604-2,Oorja Mallick,1996-04-18,29,Female,O+,23.3,"460
Handa Chowk",560200,Dementia,86,41
752,753,P0753-4101-1,Lagan Chada,1941-01-27,84,Male,AB-,25.4,"37/11
Lanka",572001,Osteoporosis,107,91
753,754,P0754-5610-2,Elakshi Sule,1956-10-23,68,Female,B+,24.7,"H.No. 58, Golla Zila",560003,Asthma,100,3
754,755,P0755-9609-2,Saira Ganguly,1996-09-29,28,Female,B-,26.4,"H.No. 553, Datta Nagar",560016,Diabetes,117,16
755,756,P0756-9111-1,Ryan Kanda,1991-11-03,33,Male,O+,25.3,"88, Karnik Chowk",560018,Heart Disease,106,18
756,757,P0757-4112-2,Onkar Bhatnagar,1941-12-16,83,Female,O+,22.3,"59/731, Mahajan Circle",560006,Dementia,76,6
757,758,P0758-6908-1,Shray Kapur,1969-08-01,55,Male,A+,29.0,"67
Hari Chowk",560015,Diabetes,143,15
758,759,P0759-6510-2,Veer Srinivasan,1965-10-17,59,Female,B+,22.3,"30/31
Singhal Ganj",572002,Healthy,76,92
759,760,P0760-7303-2,Miraan Verma,1973-03-11,52,Female,O+,25.3,"H.No. 839
Thaman Chowk",562004,Asthma,106,64
760,761,P0761-0411-1,Piya Chopra,2004-11-23,20,Male,O+,25.0,"H.No. 89
Bose Zila",560019,Asthma,103,19
761,762,P0762-5103-2,Bhamini Gola,1951-03-27,74,Female,O+,21.2,"76
D’Alia Marg",571007,Sleep Apnea,65,87
762,763,P0763-5202-2,Anaya Gala,1952-02-22,73,Female,A-,20.7,"27
Keer Circle",560207,Sleep Apnea,60,48
763,764,P0764-5312-1,Mehul Khosla,1953-12-17,71,Male,B+,24.3,"53/51, Bedi Zila",562008,Healthy,96,68
764,765,P0765-6801-2,Farhan Buch,1968-01-30,57,Female,AB+,28.5,"H.No. 83, Balan Street",561007,Dementia,138,57
765,766,P0766-7601-1,Navya Gokhale,1976-01-16,49,Male,A+,25.3,"79/25
Sinha Chowk",560014,Hypertension,106,14
766,767,P0767-7302-2,Hunar Sangha,1973-02-05,52,Female,A+,24.1,"23/55, Sridhar",560027,Healthy,94,27
767,768,P0768-7510-1,Arhaan Hora,1975-10-19,49,Male,O-,23.9,"71/13, Manda Ganj",560022,Heart Disease,92,22
768,769,P0769-0503-1,Rhea Kalita,2005-03-30,20,Male,A-,24.3,"10, Kala",560007,Hypertension,96,7
769,770,P0770-6410-2,Ela Thakur,1964-10-18,60,Female,B-,22.3,"H.No. 42, Sehgal Road",572008,Epilepsy,76,98
770,771,P0771-9708-2,Kashvi Bobal,1997-08-13,27,Female,O+,21.0,"69/22, Saran Street",560003,Sleep Apnea,63,3
771,772,P0772-0008-2,Vidur Subramaniam,2000-08-21,24,Female,A-,27.7,"H.No. 395
Mangat Marg",562008,Epilepsy,130,68
772,773,P0773-0403-1,Pranay Lanka,2004-03-17,21,Male,B+,23.7,"95, Bhakta Path",571010,Dementia,90,90
773,774,P0774-0303-2,Kanav Kapur,2003-03-24,22,Female,A+,22.8,"57/498
Kannan",572007,Sleep Apnea,81,97
774,775,P0775-8509-2,Piya Dutta,1985-09-30,39,Female,A+,26.4,"34/29
Dasgupta Nagar",571004,Diabetes,117,84
775,776,P0776-8403-2,Samar Bali,1984-03-01,41,Female,B+,24.6,"H.No. 76, Rastogi Ganj",570006,Diabetes,99,76
776,777,P0777-7206-1,Dhanuk Datta,1972-06-23,53,Male,A-,23.2,"15/074
Lad Nagar",560016,Gout,85,16
777,778,P0778-4012-1,Shray Tak,1940-12-09,84,Male,O+,26.2,"H.No. 18, Bal Ganj",560202,Diabetes,115,43
778,779,P0779-7508-2,Anaya Thakur,1975-08-03,49,Female,A+,26.4,"57
Wable Road",570008,Healthy,117,78
779,780,P0780-0005-1,Kaira Saran,2000-05-28,25,Male,A+,21.9,"34/946
Mannan Zila",572007,Asthma,72,97
780,781,P0781-4905-2,Saksham Kala,1949-05-24,76,Female,A+,21.0,"H.No. 33, Thaman Path",562006,Asthma,63,66
781,782,P0782-0203-1,Anaya Chaudhari,2002-03-19,23,Male,O+,23.8,"91, Chana Circle",560027,Sleep Apnea,91,27
782,783,P0783-9909-2,Emir Dhawan,1999-09-20,25,Female,A+,22.8,"10, Bains Chowk",560005,Gout,81,5
783,784,P0784-8901-2,Vivaan Salvi,1989-01-22,36,Female,O+,25.9,"30/350
Khosla Nagar",570010,Diabetes,112,80
784,785,P0785-0307-2,Madhup Virk,2003-07-28,21,Female,O+,23.7,"17/309
Handa Road",561010,Epilepsy,90,60
785,786,P0786-6802-2,Rohan Jha,1968-02-06,57,Female,A+,26.3,"H.No. 706, Wagle Chowk",560009,Heart Disease,116,9
786,787,P0787-7606-2,Nitara Tank,1976-06-27,49,Female,O+,21.1,"13/684
Sodhi Nagar",560005,Gout,64,5
787,788,P0788-0207-2,Jivika Mandal,2002-07-12,22,Female,A+,25.1,"38/36, Chand Nagar",572003,Asthma,104,93
788,789,P0789-6908-1,Ahana  Kala,1969-08-29,55,Male,O-,25.5,"74/52, Keer Circle",560013,Dementia,108,13
789,790,P0790-9504-1,Madhup Borra,1995-04-26,30,Male,O+,22.9,"H.No. 163, Dhaliwal Nagar",560012,Depression,82,12
790,791,P0791-8302-2,Aniruddh Lanka,1983-02-28,42,Female,O+,24.8,"11
Kala Nagar",561006,Dementia,101,56
791,792,P0792-8912-2,Yashvi Setty,1989-12-08,35,Female,O-,24.1,"45/927
Kalita Road",570005,Dementia,94,75
792,793,P0793-5008-2,Samarth Iyengar,1950-08-27,74,Female,A+,26.6,"37, Upadhyay",560009,Asthma,119,9
793,794,P0794-0110-1,Hazel Sachdev,2001-10-12,23,Male,O+,25.6,"325
Sabharwal Circle",561010,Sleep Apnea,109,60
794,795,P0795-6408-1,Rohan Char,1964-08-20,60,Male,B+,23.3,"93/868
Tailor Nagar",570008,Diabetes,86,78
795,796,P0796-8201-1,Faiyaz Chaudry,1982-01-23,43,Male,AB+,24.9,"99/065
Chawla Street",560016,Healthy,102,16
796,797,P0797-8501-1,Neelofar Bajwa,1985-01-04,40,Male,O+,28.3,"255
Mand Nagar",560200,Heart Disease,136,41
797,798,P0798-4106-2,Kashvi Ratta,1941-06-29,84,Female,O+,25.2,"40/42, Raj Zila",560029,Hypertension,105,29
798,799,P0799-9511-1,Dishani Arya,1995-11-19,29,Male,O+,24.1,"55/08, Manne Circle",560206,Sleep Apnea,94,47
799,800,P0800-4901-1,Neysa Dhingra,1949-01-09,76,Male,O-,22.0,"H.No. 92
Mahajan",562003,Diabetes,73,63
800,801,P0801-9401-1,Veer Majumdar,1994-01-15,31,Male,A+,24.6,"29
Sridhar Zila",560004,Sleep Apnea,99,4
801,802,P0802-5504-1,Kiaan Gaba,1955-04-10,70,Male,A+,25.1,"63/67, Sarma Ganj",560024,Sleep Apnea,104,24
802,803,P0803-6808-2,Yuvraj  Thakur,1968-08-07,56,Female,O+,23.2,"24/444, Verma Path",560023,Hypertension,85,23
803,804,P0804-9002-2,Tiya Reddy,1990-02-06,35,Female,AB+,22.7,"53/550
Vig Street",572003,Gout,80,93
804,805,P0805-5101-2,Darshit Butala,1951-01-13,74,Female,A+,23.7,"14
Chaudhary Marg",560204,Gout,90,45
805,806,P0806-9409-2,Ojas Sundaram,1994-09-17,30,Female,O+,25.0,"H.No. 80
Talwar Street",560014,Asthma,103,14
806,807,P0807-4112-2,Ayesha Behl,1941-12-15,83,Female,O+,23.1,"17/864
Varty",560015,Diabetes,84,15
807,808,P0808-5010-2,Piya Sahni,1950-10-03,74,Female,O-,25.8,"351, Golla Ganj",560004,Osteoporosis,111,4
808,809,P0809-8211-2,Nehmat Chawla,1982-11-16,42,Female,AB-,20.6,"14/13, Bora Path",562006,Gout,59,66
809,810,P0810-7811-1,Myra Bora,1978-11-02,46,Male,O+,22.8,"79, Bahri Street",560022,Asthma,81,22
810,811,P0811-4410-2,Krish Viswanathan,1944-10-20,80,Female,B+,20.4,"13/05, Swaminathan Zila",562004,Asthma,57,64
811,812,P0812-6312-1,Adah Babu,1963-12-03,61,Male,A+,24.3,"69/074, Gole Chowk",562007,Osteoporosis,96,67
812,813,P0813-0210-2,Tara Srinivasan,2002-10-15,22,Female,O+,20.1,"H.No. 50
Agarwal Ganj",560102,Heart Disease,54,33
813,814,P0814-6305-1,Mehul Ramachandran,1963-05-16,62,Male,O+,22.7,"66, Thaman Zila",562007,Heart Disease,80,67
814,815,P0815-4302-2,Raunak Sura,1943-02-28,82,Female,O+,25.0,"751
Mahal Marg",570003,Osteoporosis,103,73
815,816,P0816-0101-1,Kaira Madan,2001-01-11,24,Male,A+,22.4,"89/903
Chadha Zila",560206,Diabetes,77,47
816,817,P0817-9311-2,Charvi Rattan,1993-11-07,31,Female,B+,23.5,"H.No. 904, Bhattacharyya Marg",571003,Osteoporosis,88,83
817,818,P0818-6209-2,Aarush Dugar,1962-09-12,62,Female,O+,27.0,"78, Tailor Road",561009,Epilepsy,123,59
818,819,P0819-4411-1,Heer Sundaram,1944-11-19,80,Male,O+,23.5,"H.No. 25, Savant Path",560017,Hypertension,88,17
819,820,P0820-8910-1,Prerak Tara,1989-10-02,35,Male,A+,25.6,"H.No. 57
Madan Path",561003,Healthy,109,53
820,821,P0821-7610-1,Ranbir Virk,1976-10-05,48,Male,AB+,23.1,"H.No. 26
Chatterjee",560204,Healthy,84,45
821,822,P0822-6308-1,Akarsh Sangha,1963-08-02,61,Male,A-,22.6,"H.No. 27
Sule",570010,Heart Disease,79,80
822,823,P0823-0407-1,Dishani Hora,2004-07-27,20,Male,AB+,25.2,"286, Bose Road",560004,Depression,105,4
823,824,P0824-7903-2,Piya Agarwal,1979-03-04,46,Female,O-,27.9,"476
Rau Street",571006,Hypertension,132,86
824,825,P0825-8801-1,Veer Hans,1988-01-15,37,Male,B+,22.8,"49/807, Dalal Ganj",560107,Depression,81,38
825,826,P0826-6904-2,Saanvi Sehgal,1969-04-02,56,Female,B+,25.8,"621, Tara Marg",560014,Epilepsy,111,14
826,827,P0827-5210-2,Manjari Boase,1952-10-07,72,Female,AB+,28.3,"H.No. 835, Dara Street",560207,Depression,136,48
827,828,P0828-8507-2,Neysa Saxena,1985-07-15,39,Female,O+,23.8,"402
Deo Road",571005,Depression,91,85
828,829,P0829-0112-1,Manjari Garde,2001-12-13,23,Male,A+,24.1,"80
Rajan Zila",571003,Osteoporosis,94,83
829,830,P0830-9407-1,Hiran Sheth,1994-07-17,30,Male,B+,24.0,"75/598
Chauhan Chowk",562008,Epilepsy,93,68
830,831,P0831-4402-1,Nirvi Barad,1944-02-24,81,Male,B-,23.6,"11, Tailor Circle",560106,Osteoporosis,89,37
831,832,P0832-9912-1,Divit Yogi,1999-12-02,25,Male,O-,22.4,"858, Sharaf Circle",560102,Osteoporosis,77,33
832,833,P0833-9007-1,Alia Kaul,1990-07-20,34,Male,O+,21.6,"H.No. 165, Ratti Chowk",560006,Healthy,69,6
833,834,P0834-5008-1,Onkar Bassi,1950-08-12,74,Male,B+,23.7,"H.No. 114, Bawa Zila",562009,Diabetes,90,69
834,835,P0835-5408-2,Kismat Rattan,1954-08-27,70,Female,A+,25.3,"H.No. 68
Khurana Chowk",561004,Depression,106,54
835,836,P0836-5301-1,Kavya Lall,1953-01-19,72,Male,B+,25.8,"78
Mander Marg",572005,Healthy,111,95
836,837,P0837-7503-1,Damini Devan,1975-03-08,50,Male,B-,23.1,"H.No. 157
Khalsa Street",561009,Heart Disease,84,59
837,838,P0838-5710-2,Alisha Taneja,1957-10-10,67,Female,O+,20.8,"12/279
Hayre Street",560020,Dementia,61,20
838,839,P0839-7212-2,Baiju Soman,1972-12-05,52,Female,O+,27.8,"14/03
Sangha Marg",561008,Heart Disease,131,58
839,840,P0840-6912-1,Indrajit Dani,1969-12-24,55,Male,AB-,24.4,"09
Deshpande Road",570007,Osteoporosis,97,77
840,841,P0841-8009-1,Hrishita Sawhney,1980-09-19,44,Male,O+,23.9,"26/81, Rao Street",570010,Diabetes,92,80
841,842,P0842-0103-2,Arhaan Chadha,2001-03-28,24,Female,A+,23.2,"H.No. 213, Korpal Street",560011,Epilepsy,85,11
842,843,P0843-7607-1,Aaina Lanka,1976-07-07,49,Male,O+,24.1,"H.No. 393
Balakrishnan Path",570007,Epilepsy,94,77
843,844,P0844-9101-1,Hridaan Vohra,1991-01-07,34,Male,A+,21.3,"H.No. 75, Sehgal",560030,Epilepsy,66,30
844,845,P0845-8812-2,Anvi Walia,1988-12-13,36,Female,O+,23.2,"H.No. 135, Kala Street",560025,Osteoporosis,85,25
845,846,P0846-6802-1,Shlok Ranganathan,1968-02-15,57,Male,O+,21.9,"H.No. 470
Shanker Circle",570009,Asthma,72,79
846,847,P0847-9303-1,Ritvik Vig,1993-03-21,32,Male,AB+,25.2,"60/683, Sagar Chowk",560025,Osteoporosis,105,25
847,848,P0848-0103-2,Kiara Rajagopal,2001-03-30,24,Female,B+,28.3,"60/489
Sarna Marg",560103,Depression,136,34
848,849,P0849-0502-1,Neysa Kalla,2005-02-10,20,Male,B+,24.5,"H.No. 44
Chowdhury Street",560018,Heart Disease,98,18
849,850,P0850-4410-2,Sumer Wason,1944-10-06,80,Female,O+,23.3,"65/812
Bhalla Nagar",571008,Asthma,86,88
850,851,P0851-5106-1,Shalv Johal,1951-06-13,74,Male,A+,24.8,"56/077, Saha",570004,Epilepsy,101,74
851,852,P0852-7501-1,Advika Dara,1975-01-22,50,Male,AB+,27.3,"517
Chaudhuri",571003,Asthma,126,83
852,853,P0853-6804-1,Anahi Jani,1968-04-23,57,Male,O-,22.3,"H.No. 558
Saha Road",560029,Healthy,76,29
853,854,P0854-8809-2,Advik Venkatesh,1988-09-07,36,Female,B-,27.6,"18/613
Srinivas Path",561010,Depression,129,60
854,855,P0855-5111-2,Veer Samra,1951-11-23,73,Female,B-,26.8,"874, Batra Street",560021,Osteoporosis,121,21
855,856,P0856-4910-1,Prerak Gole,1949-10-15,75,Male,B-,24.9,"H.No. 331
Srinivas Road",560015,Osteoporosis,102,15
856,857,P0857-6710-1,Sahil Verma,1967-10-04,57,Male,O-,27.3,"74
Kapadia Ganj",561002,Dementia,126,52
857,858,P0858-4601-1,Kashvi Mall,1946-01-31,79,Male,A+,28.5,"359
Bassi Ganj",560108,Hypertension,138,39
858,859,P0859-0512-2,Tushar Guha,2005-12-29,19,Female,B+,21.1,"H.No. 520, Malhotra Street",560104,Sleep Apnea,64,35
859,860,P0860-4809-1,Piya Bava,1948-09-02,76,Male,A+,25.3,"529
Vohra Marg",571001,Hypertension,106,81
860,861,P0861-9008-2,Jiya Sathe,1990-08-15,34,Female,B+,22.8,"H.No. 58, Gupta Marg",562005,Gout,81,65
861,862,P0862-6210-2,Anahi Loyal,1962-10-30,62,Female,A+,22.5,"01
Kala",571002,Epilepsy,78,82
862,863,P0863-7604-2,Aarna Sant,1976-04-12,49,Female,A+,24.0,"H.No. 330, Gandhi Marg",561008,Healthy,93,58
863,864,P0864-0409-2,Uthkarsh Uppal,2004-09-12,20,Female,O+,21.9,"470
Amble Marg",562005,Osteoporosis,72,65
864,865,P0865-6901-1,Anahi Badami,1969-01-25,56,Male,O+,27.1,"H.No. 694
Sundaram Street",560027,Osteoporosis,124,27
865,866,P0866-5311-1,Shlok Soman,1953-11-19,71,Male,B-,21.5,"47, Batta Street",561001,Diabetes,68,51
866,867,P0867-8311-2,Farhan Chauhan,1983-11-16,41,Female,O+,23.4,"34
Mannan Nagar",560102,Asthma,87,33
867,868,P0868-7708-2,Pari Goswami,1977-08-19,47,Female,B+,25.8,"71, Deol Path",561004,Osteoporosis,111,54
868,869,P0869-6607-1,Tarini Gupta,1966-07-31,58,Male,A+,25.0,"H.No. 55, Chaudhry Road",570004,Osteoporosis,103,74
869,870,P0870-6601-1,Farhan Wali,1966-01-09,59,Male,B-,25.1,"72/24, Sen Chowk",572002,Osteoporosis,104,92
870,871,P0871-9104-1,Yasmin Borra,1991-04-25,34,Male,O+,23.9,"H.No. 881
Sahota Nagar",572006,Hypertension,92,96
871,872,P0872-5507-1,Nishith Butala,1955-07-25,69,Male,B-,21.4,"697, Hegde Zila",572003,Epilepsy,67,93
872,873,P0873-4401-2,Raghav Kothari,1944-01-22,81,Female,O+,25.4,"16/699
Chandra Chowk",562001,Hypertension,107,61
873,874,P0874-6008-1,Rohan Dhingra,1960-08-12,64,Male,O+,21.9,"49, Desai Chowk",560018,Gout,72,18
874,875,P0875-5701-1,Vanya Zachariah,1957-01-12,68,Male,O+,22.5,"H.No. 55, Banik",560205,Gout,78,46
875,876,P0876-0404-1,Rasha Sarraf,2004-04-17,21,Male,B+,22.0,"832
Mane",560030,Diabetes,73,30
876,877,P0877-6605-2,Azad Vaidya,1966-05-28,59,Female,AB+,27.3,"89/26
Wable Nagar",561002,Diabetes,126,52
877,878,P0878-8109-1,Ishaan Yohannan,1981-09-26,43,Male,O+,21.6,"87/145, Bahri Street",560209,Epilepsy,69,50
878,879,P0879-7105-2,Zain Saraf,1971-05-14,54,Female,O+,24.8,"H.No. 41
Tara Road",570010,Heart Disease,101,80
879,880,P0880-5008-2,Charvi Gade,1950-08-05,74,Female,B-,24.2,"H.No. 31, Kapadia Circle",561010,Gout,95,60
880,881,P0881-5105-2,Damini Dhawan,1951-05-14,74,Female,AB+,24.4,"H.No. 96
Brar Zila",561005,Osteoporosis,97,55
881,882,P0882-4902-1,Mishti Bhatt,1949-02-08,76,Male,B-,24.8,"55
Gour Road",562001,Healthy,101,61
882,883,P0883-7207-2,Hiran Sastry,1972-07-25,52,Female,O+,23.1,"31/533, Chauhan Zila",562008,Heart Disease,84,68
883,884,P0884-4608-2,Misha Bhandari,1946-08-01,78,Female,A+,27.2,"70, Keer Ganj",562009,Sleep Apnea,125,69
884,885,P0885-0302-2,Damini Tripathi,2003-02-21,22,Female,O+,26.0,"59, Agarwal Ganj",560022,Dementia,113,22
885,886,P0886-0412-2,Vaibhav Rastogi,2004-12-27,20,Female,O+,26.3,"H.No. 81
Bajaj Nagar",560202,Osteoporosis,116,43
886,887,P0887-9208-2,Hunar Luthra,1992-08-06,32,Female,O+,27.4,"52/81, Saran Marg",570008,Epilepsy,127,78
887,888,P0888-0408-2,Biju Lad,2004-08-10,20,Female,A-,21.6,"21/807
Din",560028,Depression,69,28
888,889,P0889-7504-2,Diya Contractor,1975-04-27,50,Female,O+,22.9,"20, Dhingra",570006,Gout,82,76
889,890,P0890-7509-1,Yasmin Tailor,1975-09-22,49,Male,A+,21.8,"017, Mammen Street",570003,Asthma,71,73
890,891,P0891-7809-2,Zaina Bhakta,1978-09-11,46,Female,O+,25.7,"17/848, Cherian Road",570008,Asthma,110,78
891,892,P0892-9312-1,Saksham Venkatesh,1993-12-04,31,Male,A-,22.6,"54, Sane Nagar",560023,Epilepsy,79,23
892,893,P0893-7509-2,Rasha Venkataraman,1975-09-12,49,Female,A+,24.9,"499
Venkatesh Street",560027,Gout,102,27
893,894,P0894-7709-2,Jiya Khare,1977-09-11,47,Female,AB+,26.3,"235
Sawhney Chowk",562005,Dementia,116,65
894,895,P0895-7712-2,Zaina Chokshi,1977-12-13,47,Female,A+,23.4,"H.No. 513
Ghosh Road",560013,Dementia,87,13
895,896,P0896-6905-1,Akarsh Dar,1969-05-01,56,Male,B+,20.7,"44/881
Hegde Path",571002,Epilepsy,60,82
896,897,P0897-7406-1,Manikya Lad,1974-06-18,51,Male,B-,23.9,"70/32
Sharaf Chowk",561007,Epilepsy,92,57
897,898,P0898-7712-2,Shalv Anand,1977-12-21,47,Female,AB+,22.6,"83, Kapoor",560028,Gout,79,28
898,899,P0899-8009-2,Lagan Bhatti,1980-09-12,44,Female,O-,23.4,"663
Dhillon Chowk",572003,Healthy,87,93
899,900,P0900-8805-2,Nitya Tella,1988-05-26,37,Female,A+,24.6,"34/502, Sanghvi",571010,Gout,99,90
900,901,P0901-6503-1,Navya Tak,1965-03-01,60,Male,O+,27.6,"87/409
Ram Circle",561005,Dementia,129,55
901,902,P0902-7405-2,Azad Kamdar,1974-05-04,51,Female,A+,21.4,"06/76, Samra Circle",560020,Hypertension,67,20
902,903,P0903-8108-2,Divij Bal,1981-08-21,43,Female,O+,25.8,"861
Krishnamurthy Chowk",560108,Hypertension,111,39
903,904,P0904-5209-1,Bhavin Sampath,1952-09-25,72,Male,B-,24.6,"76/85, Ghose Marg",560016,Gout,99,16
904,905,P0905-6406-1,Umang Tank,1964-06-17,61,Male,O+,23.5,"747, Trivedi",560005,Sleep Apnea,88,5
905,906,P0906-7402-1,Vaibhav Goswami,1974-02-15,51,Male,B-,27.3,"91/54
Hari Circle",560201,Epilepsy,126,42
906,907,P0907-4912-1,Divij Apte,1949-12-26,75,Male,O+,18.7,"H.No. 789, Chaudhuri Marg",560206,Hypertension,40,47
907,908,P0908-0006-2,Aniruddh Ratta,2000-06-10,25,Female,B+,21.8,"99/632, Agrawal Street",560027,Dementia,71,27
908,909,P0909-9706-2,Fateh Kant,1997-06-02,28,Female,B+,27.2,"H.No. 216, Mall Nagar",560026,Hypertension,125,26
909,910,P0910-6008-2,Stuvan Bala,1960-08-22,64,Female,B+,22.4,"H.No. 73
Tripathi Road",571001,Gout,77,81
910,911,P0911-8704-2,Akarsh Bumb,1987-04-19,38,Female,O+,22.9,"59, Ramaswamy Chowk",560106,Sleep Apnea,82,37
911,912,P0912-4805-1,Gokul Wable,1948-05-13,77,Male,O-,25.6,"H.No. 716
Agate Marg",560003,Osteoporosis,109,3
912,913,P0913-7610-2,Hansh Kota,1976-10-05,48,Female,A+,25.1,"41/89, Bhat Path",561008,Hypertension,104,58
913,914,P0914-6406-1,Aaryahi Dave,1964-06-14,61,Male,O-,23.1,"10, Gill Zila",560013,Sleep Apnea,84,13
914,915,P0915-9911-1,Nirvaan Sarkar,1999-11-12,25,Male,O+,20.7,"H.No. 649, Chawla Marg",570007,Healthy,60,77
915,916,P0916-7702-2,Nirvi Ganesan,1977-02-02,48,Female,B+,23.1,"H.No. 14, Jaggi Zila",560004,Dementia,84,4
916,917,P0917-5108-2,Anvi Balasubramanian,1951-08-20,73,Female,AB+,26.0,"H.No. 58, Rege Zila",560200,Healthy,113,41
917,918,P0918-6104-2,Vritika Mahal,1961-04-18,64,Female,AB+,23.0,"35/111, Tiwari Nagar",560018,Sleep Apnea,83,18
918,919,P0919-9203-1,Shaan Dewan,1992-03-02,33,Male,O+,23.7,"H.No. 086, Sarma Street",561001,Osteoporosis,90,51
919,920,P0920-6904-2,Mamooty Tata,1969-04-30,56,Female,O+,25.1,"11, Ramanathan Marg",560016,Diabetes,104,16
920,921,P0921-9203-1,Tiya Barad,1992-03-24,33,Male,A+,26.0,"67, Rajagopalan Ganj",560007,Healthy,113,7
921,922,P0922-7705-1,Alia Shukla,1977-05-01,48,Male,O-,20.1,"894
Sheth Marg",570005,Heart Disease,54,75
922,923,P0923-9910-1,Emir Bora,1999-10-12,25,Male,A+,24.6,"49/50
Devan Path",560016,Heart Disease,99,16
923,924,P0924-5408-2,Nitara D’Alia,1954-08-01,70,Female,A+,23.6,"864, Bajaj Street",562001,Gout,89,61
924,925,P0925-4103-1,Faiyaz Shetty,1941-03-16,84,Male,O+,23.6,"H.No. 673
Mahajan Ganj",570006,Epilepsy,89,76
925,926,P0926-6106-1,Samiha Rana,1961-06-25,64,Male,O+,26.7,"H.No. 522
Mangat Nagar",571008,Heart Disease,120,88
926,927,P0927-9403-1,Aradhya Swamy,1994-03-15,31,Male,O-,24.4,"742, Johal Nagar",560007,Heart Disease,97,7
927,928,P0928-7510-2,Devansh Bassi,1975-10-02,49,Female,O+,19.9,"911
Sunder Chowk",560022,Dementia,52,22
928,929,P0929-8712-1,Saira Kota,1987-12-07,37,Male,O+,24.5,"H.No. 98, Sha Ganj",572001,Depression,98,91
929,930,P0930-7008-2,Lagan Chad,1970-08-24,54,Female,O+,27.3,"H.No. 26
Devan Path",561006,Dementia,126,56
930,931,P0931-6801-1,Advika Dada,1968-01-25,57,Male,B+,23.1,"H.No. 50
Deshmukh Street",560024,Heart Disease,84,24
931,932,P0932-6612-2,Baiju Samra,1966-12-24,58,Female,O+,24.4,"109, Jhaveri Marg",560010,Epilepsy,97,10
932,933,P0933-6108-1,Lavanya Mani,1961-08-21,63,Male,AB+,25.3,"H.No. 246, Verma Path",570001,Depression,106,71
933,934,P0934-4903-1,Zain Barman,1949-03-22,76,Male,B-,23.8,"87
Baria Marg",572001,Diabetes,91,91
934,935,P0935-4510-1,Ahana  Khanna,1945-10-07,79,Male,O+,22.2,"500
Kar Road",560019,Hypertension,75,19
935,936,P0936-6608-2,Saanvi Randhawa,1966-08-28,58,Female,O+,20.4,"53
Ravel Street",562002,Asthma,57,62
936,937,P0937-4901-1,Lakshit Borra,1949-01-21,76,Male,O+,26.1,"74/85, Gulati Nagar",562006,Hypertension,114,66
937,938,P0938-5210-2,Zeeshan Venkataraman,1952-10-16,72,Female,AB+,26.0,"H.No. 871, Goswami Marg",562003,Hypertension,113,63
938,939,P0939-6804-1,Sumer Mahal,1968-04-28,57,Male,O-,25.4,"46/884
Banik Street",560006,Asthma,107,6
939,940,P0940-7011-2,Seher Goswami,1970-11-22,54,Female,B+,21.6,"45
Sarraf Nagar",560015,Depression,69,15
940,941,P0941-6701-2,Kavya Saraf,1967-01-09,58,Female,O-,25.2,"06/229, Kara Marg",560018,Healthy,105,18
941,942,P0942-0009-2,Anaya Verma,2000-09-08,24,Female,O+,23.6,"H.No. 53, Banik Road",562007,Dementia,89,67
942,943,P0943-4007-2,Kiaan Kaur,1940-07-01,85,Female,A+,25.2,"02/630
Loyal Nagar",560030,Gout,105,30
943,944,P0944-7612-1,Kaira Varghese,1976-12-16,48,Male,A-,26.0,"52/81
Madan Path",572007,Healthy,113,97
944,945,P0945-9012-2,Fateh Sachdev,1990-12-04,34,Female,A+,21.9,"47
Kala Road",562004,Gout,72,64
945,946,P0946-7511-2,Dhanush Gupta,1975-11-10,49,Female,O+,23.5,"74/311
Babu Marg",560007,Asthma,88,7
946,947,P0947-6407-1,Aaryahi Mall,1964-07-01,61,Male,O+,24.2,"82
Date Road",561004,Diabetes,95,54
947,948,P0948-4904-1,Saksham Chandran,1949-04-19,76,Male,O+,24.7,"H.No. 806
Singh Nagar",560009,Hypertension,100,9
948,949,P0949-0210-2,Jayant Basu,2002-10-05,22,Female,O+,21.9,"H.No. 290, Choudhury Zila",561004,Heart Disease,72,54
949,950,P0950-6904-2,Darshit Bhatia,1969-04-25,56,Female,A+,24.0,"H.No. 29, Devan Circle",562007,Osteoporosis,93,67
950,951,P0951-6612-2,Ishaan Sura,1966-12-12,58,Female,O+,21.2,"59
Gokhale Path",560009,Asthma,65,9
951,952,P0952-0011-1,Darshit Bhandari,2000-11-11,24,Male,O+,24.3,"H.No. 69
Mangal Road",560107,Sleep Apnea,96,38
952,953,P0953-4701-1,Eva Dayal,1947-01-01,78,Male,A+,20.9,"939, Dey Circle",561003,Sleep Apnea,62,53
953,954,P0954-9606-1,Saanvi Behl,1996-06-19,29,Male,A-,26.2,"H.No. 68, Ahluwalia Zila",572002,Heart Disease,115,92
954,955,P0955-7202-2,Jayesh Kota,1972-02-17,53,Female,B+,22.1,"H.No. 68
Kalita Circle",560008,Diabetes,74,8
955,956,P0956-4111-1,Alisha Kapur,1941-11-14,83,Male,O+,23.5,"21/893, Comar",572005,Healthy,88,95
956,957,P0957-4306-2,Onkar Krishna,1943-06-24,82,Female,B-,23.5,"54/25, Shanker Zila",560030,Sleep Apnea,88,30
957,958,P0958-6809-2,Ryan Das,1968-09-20,56,Female,B+,24.6,"H.No. 25, Chada",560017,Gout,99,17
958,959,P0959-8809-2,Stuvan Rajagopalan,1988-09-12,36,Female,B+,22.4,"H.No. 92, Kala Circle",560202,Dementia,77,43
959,960,P0960-6912-1,Diya Master,1969-12-15,55,Male,A+,21.5,"54, Tara Marg",560022,Diabetes,68,22
960,961,P0961-7511-1,Ayesha Hari,1975-11-21,49,Male,B-,23.9,"926, Lall Street",560030,Healthy,92,30
961,962,P0962-5112-2,Yashvi Sahni,1951-12-18,73,Female,O-,25.1,"408, Gole Path",572007,Diabetes,104,97
962,963,P0963-7707-2,Shanaya Chaudry,1977-07-28,47,Female,B+,20.8,"H.No. 21
Sachdev Marg",560001,Sleep Apnea,61,1
963,964,P0964-7201-2,Himmat Buch,1972-01-07,53,Female,AB-,24.2,"32/40, Sanghvi Circle",570010,Depression,95,80
964,965,P0965-0207-2,Priyansh Chakraborty,2002-07-25,22,Female,O-,26.4,"05/10, Biswas Road",560015,Healthy,117,15
965,966,P0966-7312-2,Oorja Comar,1973-12-03,51,Female,O+,22.8,"H.No. 243, Aggarwal",561010,Osteoporosis,81,60
966,967,P0967-7202-1,Onkar Tandon,1972-02-19,53,Male,B+,26.5,"H.No. 59, Kalla Circle",560024,Sleep Apnea,118,24
967,968,P0968-0501-2,Anay Ravel,2005-01-08,20,Female,O+,23.6,"50/13, Mani",560109,Healthy,89,40
968,969,P0969-6802-2,Nirvi Bala,1968-02-25,57,Female,B-,22.5,"H.No. 721, Varughese Path",562007,Depression,78,67
969,970,P0970-6103-2,Hazel Baral,1961-03-01,64,Female,O-,24.8,"H.No. 99, Khurana",572005,Asthma,101,95
970,971,P0971-5605-1,Prerak Som,1956-05-11,69,Male,A+,23.6,"101, Srinivasan Chowk",561008,Dementia,89,58
971,972,P0972-9904-2,Renee Sarraf,1999-04-28,26,Female,A+,22.5,"89, Srinivas",560104,Hypertension,78,35
972,973,P0973-4012-2,Anika Kata,1940-12-24,84,Female,O-,21.0,"H.No. 899
Dass Road",570001,Osteoporosis,63,71
973,974,P0974-9112-2,Prisha Mani,1991-12-22,33,Female,O+,24.3,"984, Soman Road",560025,Sleep Apnea,96,25
974,975,P0975-8904-1,Mahika Cherian,1989-04-20,36,Male,A+,25.7,"00/41, Johal Circle",560002,Epilepsy,110,2
975,976,P0976-4707-2,Samaira Borde,1947-07-23,77,Female,O+,24.1,"65/99
Dyal Marg",560018,Gout,94,18
976,977,P0977-7811-1,Tejas Sule,1978-11-17,46,Male,O+,27.0,"16/54
Ranganathan Path",560200,Healthy,123,41
977,978,P0978-4602-2,Raghav Brar,1946-02-12,79,Female,A-,23.7,"35/934
Vyas",560019,Sleep Apnea,90,19
978,979,P0979-8711-2,Prerak Rau,1987-11-23,37,Female,O+,27.2,"92/52, Roy Nagar",561005,Hypertension,125,55
979,980,P0980-9401-1,Mannat Sangha,1994-01-16,31,Male,A+,23.7,"19/834, Shanker Road",561008,Hypertension,90,58
980,981,P0981-9306-1,Ranbir Dutta,1993-06-06,32,Male,O+,26.5,"37/72
Kara Chowk",560025,Hypertension,118,25
981,982,P0982-6204-1,Renee Dewan,1962-04-09,63,Male,B+,23.9,"018
Sule Road",560202,Gout,92,43
982,983,P0983-6705-2,Ela Vaidya,1967-05-17,58,Female,O+,24.7,"66/103
Butala Road",560203,Heart Disease,100,44
983,984,P0984-8202-2,Ivan Basu,1982-02-26,43,Female,B+,23.4,"H.No. 54
Ramanathan Circle",560025,Diabetes,87,25
984,985,P0985-9409-1,Abram Doshi,1994-09-19,30,Male,B+,20.8,"35
Kapur Zila",561004,Asthma,61,54
985,986,P0986-5404-2,Aayush Bath,1954-04-24,71,Female,O-,21.8,"47
Doshi Marg",562004,Epilepsy,71,64
986,987,P0987-6508-1,Parinaaz Chakraborty,1965-08-23,59,Male,B-,26.2,"912
Bajaj Marg",570005,Diabetes,115,75
987,988,P0988-9601-1,Charvi Dada,1996-01-21,29,Male,B+,25.4,"41, Buch Street",560009,Osteoporosis,107,9
988,989,P0989-6311-2,Arhaan Sunder,1963-11-16,61,Female,A-,22.8,"H.No. 50, Contractor Street",560006,Gout,81,6
989,990,P0990-5601-2,Indranil Dhillon,1956-01-10,69,Female,O-,23.3,"32/16, Bhalla Nagar",560030,Hypertension,86,30
990,991,P0991-9107-1,Fateh Loyal,1991-07-28,33,Male,O+,22.6,"00/197, Chauhan Circle",560202,Depression,79,43
991,992,P0992-6308-1,Hansh Kaur,1963-08-25,61,Male,B+,27.2,"H.No. 24
Saha Nagar",560204,Healthy,125,45
992,993,P0993-4303-2,Trisha Doshi,1943-03-13,82,Female,B+,25.7,"08/798, Gupta Zila",570002,Dementia,110,72
993,994,P0994-0012-2,Riya Chana,2000-12-27,24,Female,O-,21.4,"H.No. 94
Bhasin Road",570004,Diabetes,67,74
994,995,P0995-4506-1,Yuvaan Bhatti,1945-06-13,80,Male,B+,24.0,"H.No. 36
Raju Circle",560006,Epilepsy,93,6
995,996,P0996-5102-2,Dharmajan Sabharwal,1951-02-16,74,Female,A+,19.7,"H.No. 458
Mander Road",571003,Sleep Apnea,50,83
996,997,P0997-0507-1,Mohanlal D’Alia,2005-07-03,20,Male,AB+,24.4,"77/680, Srinivas Street",560007,Depression,97,7
997,998,P0998-6508-2,Shaan Karan,1965-08-18,59,Female,B-,22.5,"H.No. 44
Raja Ganj",560009,Osteoporosis,78,9
998,999,P0999-5003-2,Myra Iyengar,1950-03-21,75,Female,O+,25.6,"33
Dani Nagar",560001,Dementia,109,1
999,1000,P1000-8601-1,Rohan Dhaliwal,1986-01-05,39,Male,O+,23.4,"01, Babu",560108,Dementia,87,39
1000,1001,P1001-9309-2,Hunar Bava,1993-09-25,31,Female,A+,19.0,"85/944, Dutt Chowk",561003,Healthy,43,53
1001,1002,P1002-9311-1,Ishita Handa,1993-11-08,31,Male,B+,20.8,"H.No. 193, Chaudhary Zila",560019,Gout,61,19
1002,1003,P1003-6307-1,Himmat Tiwari,1963-07-27,61,Male,A+,24.7,"95/399, Dayal Road",560022,Diabetes,100,22
1003,1004,P1004-4406-2,Sumer Lalla,1944-06-14,81,Female,A+,21.4,"86, Verma Ganj",571010,Sleep Apnea,67,90
1004,1005,P1005-8909-2,Vaibhav Garg,1989-09-01,35,Female,B+,23.0,"H.No. 64
Subramanian Road",561008,Depression,83,58
1005,1006,P1006-7812-2,Yuvraj  Bains,1978-12-14,46,Female,O+,25.4,"615, Solanki",561003,Epilepsy,107,53
1006,1007,P1007-7110-2,Eshani Sandhu,1971-10-21,53,Female,AB+,26.5,"01/12
Mahal Road",560202,Hypertension,118,43
1007,1008,P1008-5602-1,Parinaaz Chowdhury,1956-02-20,69,Male,O-,28.3,"600
Rana Path",560103,Hypertension,136,34
1008,1009,P1009-8309-1,Kartik Sibal,1983-09-14,41,Male,B+,23.0,"466
Lalla Ganj",562003,Hypertension,83,63
1009,1010,P1010-6004-2,Ishita Singh,1960-04-17,65,Female,AB+,22.6,"07, Ratta Zila",572002,Heart Disease,79,92
1010,1011,P1011-4605-1,Ishaan Saha,1946-05-18,79,Male,AB+,24.8,"H.No. 835
Aurora Nagar",560011,Sleep Apnea,101,11
1011,1012,P1012-7207-1,Pranay Goswami,1972-07-28,52,Male,O+,25.1,"H.No. 095
Boase Circle",561003,Asthma,104,53
1012,1013,P1013-5501-2,Vedika Walia,1955-01-11,70,Female,AB+,24.3,"H.No. 543
Contractor Street",560008,Diabetes,96,8
1013,1014,P1014-0509-1,Dharmajan Chawla,2005-09-15,19,Male,AB+,19.6,"52
Banerjee Chowk",560106,Healthy,49,37
1014,1015,P1015-5401-1,Dharmajan Sengupta,1954-01-27,71,Male,O+,26.4,"69/858, Saraf Circle",560001,Depression,117,1
1015,1016,P1016-8410-2,Adira Thaman,1984-10-14,40,Female,O+,21.4,"18/34
Walia Road",560202,Gout,67,43
1016,1017,P1017-4801-1,Adah Kakar,1948-01-30,77,Male,A+,21.9,"H.No. 07, Bhattacharyya Chowk",560101,Healthy,72,32
1017,1018,P1018-4601-1,Prisha Lanka,1946-01-10,79,Male,A+,24.0,"28
Agrawal Zila",562002,Diabetes,93,62
1018,1019,P1019-8903-1,Vardaniya Bose,1989-03-01,36,Male,O+,20.3,"39/582
Lala Path",571010,Depression,56,90
1019,1020,P1020-8110-2,Suhana Gupta,1981-10-20,43,Female,A-,24.9,"009, Kar Street",560015,Diabetes,102,15
1020,1021,P1021-9001-1,Lakshay Kamdar,1990-01-16,35,Male,O+,23.7,"73/27, Kale Nagar",560104,Heart Disease,90,35
1021,1022,P1022-8502-1,Yashvi Ratti,1985-02-17,40,Male,A+,26.8,"H.No. 78, Krish Street",560007,Asthma,121,7
1022,1023,P1023-9706-2,Mannat Bhargava,1997-06-16,28,Female,A-,21.8,"943
Wagle Nagar",560006,Osteoporosis,71,6
1023,1024,P1024-8312-2,Devansh Sem,1983-12-18,41,Female,A+,26.2,"02/365
Uppal Chowk",562006,Epilepsy,115,66
1024,1025,P1025-8407-2,Baiju Rajan,1984-07-17,40,Female,O+,25.0,"42/83
Kala Chowk",560021,Osteoporosis,103,21
1025,1026,P1026-8506-1,Hrishita Bhagat,1985-06-11,40,Male,O+,21.7,"H.No. 602, Gaba Circle",560108,Dementia,70,39
1026,1027,P1027-8809-1,Armaan Sane,1988-09-05,36,Male,AB+,23.1,"34, Master Nagar",562005,Gout,84,65
1027,1028,P1028-9507-2,Himmat Kata,1995-07-25,29,Female,AB+,26.5,"H.No. 18, Sani Street",560012,Diabetes,118,12
1028,1029,P1029-6512-1,Kavya Mangal,1965-12-24,59,Male,O+,22.2,"H.No. 10, Sathe Street",562002,Hypertension,75,62
1029,1030,P1030-8104-1,Ryan Bumb,1981-04-10,44,Male,O-,21.3,"93
Subramaniam Path",570006,Diabetes,66,76
1030,1031,P1031-7204-2,Aaryahi Chopra,1972-04-24,53,Female,A+,24.6,"79/790
Raju Zila",562006,Depression,99,66
1031,1032,P1032-0501-1,Misha Kaur,2005-01-29,20,Male,A+,21.5,"16/801
Sura Marg",572003,Epilepsy,68,93
1032,1033,P1033-9510-1,Jayan Gupta,1995-10-05,29,Male,O+,24.9,"61, Ganesan Path",572003,Sleep Apnea,102,93
1033,1034,P1034-6302-2,Seher Sengupta,1963-02-28,62,Female,B+,23.4,"66/40, Devi Street",560006,Asthma,87,6
1034,1035,P1035-5207-2,Eshani Ramesh,1952-07-30,72,Female,A+,26.3,"039
Yogi Path",560104,Depression,116,35
1035,1036,P1036-9604-2,Anahi Koshy,1996-04-25,29,Female,AB+,22.4,"785, Dani Street",570002,Dementia,77,72
1036,1037,P1037-6403-2,Aaina Keer,1964-03-20,61,Female,A-,22.8,"45/609
Sawhney Path",560023,Diabetes,81,23
1037,1038,P1038-8601-1,Aarna Luthra,1986-01-01,39,Male,A-,25.5,"32/63
Chada Chowk",560023,Gout,108,23
1038,1039,P1039-6105-2,Indranil Singhal,1961-05-24,64,Female,O+,25.1,"92
Ghose Chowk",562008,Dementia,104,68
1039,1040,P1040-5610-2,Vardaniya Edwin,1956-10-18,68,Female,AB-,27.8,"H.No. 36, Vig Zila",562007,Diabetes,131,67
1040,1041,P1041-9704-2,Divij Khatri,1997-04-21,28,Female,B+,27.5,"73/07, Rama Street",560102,Hypertension,128,33
1041,1042,P1042-5802-2,Lakshit Bassi,1958-02-25,67,Female,B+,21.7,"01/55, Kapoor Street",572003,Depression,70,93
1042,1043,P1043-0301-1,Aniruddh Tella,2003-01-27,22,Male,B+,25.6,"65/916, Manne Circle",560002,Gout,109,2
1043,1044,P1044-8109-1,Tarini Sundaram,1981-09-22,43,Male,O+,21.8,"H.No. 863
Borah Nagar",560007,Dementia,71,7
1044,1045,P1045-7404-2,Keya Dara,1974-04-04,51,Female,A+,24.5,"H.No. 570
Ray Zila",560019,Dementia,98,19
1045,1046,P1046-5503-1,Dishani Johal,1955-03-14,70,Male,O+,26.5,"79/293, Deshmukh Path",561001,Gout,118,51
1046,1047,P1047-7601-1,Hansh Viswanathan,1976-01-30,49,Male,O+,22.5,"338, Bhavsar",571002,Healthy,78,82
1047,1048,P1048-6009-1,Rhea Char,1960-09-10,64,Male,A+,24.4,"49/243, Majumdar",560102,Osteoporosis,97,33
1048,1049,P1049-9312-1,Aaryahi Yogi,1993-12-15,31,Male,O+,26.5,"H.No. 26, Karpe Marg",570008,Hypertension,118,78
1049,1050,P1050-7208-1,Rati Bal,1972-08-22,52,Male,AB+,23.4,"549, Varty Chowk",560018,Sleep Apnea,87,18
1050,1051,P1051-4706-1,Neysa Koshy,1947-06-16,78,Male,A+,25.5,"587
Goda Circle",561007,Asthma,108,57
1051,1052,P1052-8201-2,Hunar Bora,1982-01-19,43,Female,A+,23.7,"80
Ray Ganj",572004,Asthma,90,94
1052,1053,P1053-9807-2,Vritika Zachariah,1998-07-29,26,Female,B+,23.0,"71/657
Bhat Path",572002,Hypertension,83,92
1053,1054,P1054-8709-2,Bhavin Bains,1987-09-22,37,Female,O+,22.6,"66, Bains Ganj",560001,Healthy,79,1
1054,1055,P1055-0204-1,Tushar Bhagat,2002-04-15,23,Male,B+,23.0,"80
Warrior Ganj",570008,Sleep Apnea,83,78
1055,1056,P1056-4301-1,Hridaan Chandran,1943-01-17,82,Male,A-,27.8,"54/078
Vyas Street",560206,Dementia,131,47
1056,1057,P1057-6011-2,Hridaan Bhalla,1960-11-15,64,Female,A+,24.5,"12/053, Kata Road",571008,Sleep Apnea,98,88
1057,1058,P1058-5011-1,Mohanlal Dani,1950-11-11,74,Male,O+,24.1,"88, Mangal Chowk",560109,Asthma,94,40
1058,1059,P1059-6204-2,Kanav Kakar,1962-04-10,63,Female,O+,23.9,"140, Raj Marg",560109,Sleep Apnea,92,40
1059,1060,P1060-8512-2,Nakul Trivedi,1985-12-26,39,Female,A+,24.1,"650, Sachar Street",572004,Hypertension,94,94
1060,1061,P1061-5409-1,Nirvi Grover,1954-09-24,70,Male,B+,27.1,"26, Dayal Road",572010,Osteoporosis,124,100
1061,1062,P1062-6402-2,Shayak Sarraf,1964-02-10,61,Female,A+,26.2,"H.No. 812
Ratta Zila",561008,Diabetes,115,58
1062,1063,P1063-4411-1,Devansh Sengupta,1944-11-08,80,Male,B-,22.9,"19/103
Ram Path",571005,Hypertension,82,85
1063,1064,P1064-9207-1,Eva Handa,1992-07-09,33,Male,O+,25.4,"78/81
Desai Road",562006,Asthma,107,66
1064,1065,P1065-5504-2,Jhanvi D’Alia,1955-04-18,70,Female,AB-,24.6,"884
Ghosh Nagar",562009,Asthma,99,69
1065,1066,P1066-9912-1,Abram Rout,1999-12-09,25,Male,AB+,21.6,"H.No. 757
Solanki Marg",562001,Healthy,69,61
1066,1067,P1067-4409-1,Amira Dada,1944-09-07,80,Male,AB+,25.8,"11/333, Ghosh Nagar",560207,Hypertension,111,48
1067,1068,P1068-7209-2,Eshani Arya,1972-09-25,52,Female,AB+,24.1,"06/11
Venkatesh Street",560200,Sleep Apnea,94,41
1068,1069,P1069-8002-1,Vedika Bumb,1980-02-24,45,Male,A+,23.8,"068
Gade Nagar",560208,Heart Disease,91,49
1069,1070,P1070-4602-1,Nirvaan Boase,1946-02-27,79,Male,B+,22.0,"H.No. 323, Mani Street",560010,Depression,73,10
1070,1071,P1071-5408-1,Yasmin Koshy,1954-08-18,70,Male,O+,22.7,"14/476
Salvi Ganj",570007,Diabetes,80,77
1071,1072,P1072-8111-2,Arnav Bhalla,1981-11-02,43,Female,O+,23.6,"20/98, Walla Nagar",560200,Depression,89,41
1072,1073,P1073-8010-2,Devansh Chowdhury,1980-10-07,44,Female,O+,24.1,"64/968, Dixit",572010,Healthy,94,100
1073,1074,P1074-8403-1,Alisha Aggarwal,1984-03-06,41,Male,B+,25.2,"898, Kulkarni",561006,Asthma,105,56
1074,1075,P1075-0005-2,Onkar Srinivas,2000-05-02,25,Female,AB+,24.2,"41/26, Shan Zila",560106,Depression,95,37
1075,1076,P1076-6811-2,Aaryahi Bedi,1968-11-26,56,Female,B+,24.1,"87/35, Sabharwal Circle",560028,Asthma,94,28
1076,1077,P1077-0401-2,Yashvi Maharaj,2004-01-16,21,Female,O+,22.8,"27/17
Sidhu Chowk",572005,Dementia,81,95
1077,1078,P1078-4311-2,Damini Comar,1943-11-16,81,Female,O+,24.5,"263
Dixit Street",562003,Depression,98,63
1078,1079,P1079-5205-2,Mahika Mandal,1952-05-21,73,Female,B+,23.2,"38
Khare Marg",560101,Diabetes,85,32
1079,1080,P1080-8701-1,Divyansh Jhaveri,1987-01-20,38,Male,O+,25.1,"634
Dash Marg",570008,Gout,104,78
1080,1081,P1081-8108-2,Raunak Mallick,1981-08-28,43,Female,B+,22.6,"H.No. 00
Tripathi",561010,Depression,79,60
1081,1082,P1082-9809-1,Samarth Ramaswamy,1998-09-10,26,Male,O+,21.9,"10/77
Bahri Nagar",560007,Epilepsy,72,7
1082,1083,P1083-8505-1,Vardaniya Zacharia,1985-05-04,40,Male,O+,24.2,"H.No. 79, Golla Zila",560201,Asthma,95,42
1083,1084,P1084-7603-2,Madhup Sridhar,1976-03-03,49,Female,O+,25.1,"99/62, Ravel Chowk",560016,Hypertension,104,16
1084,1085,P1085-7811-1,Aradhya Badal,1978-11-15,46,Male,B-,24.9,"H.No. 80
Khanna Ganj",571001,Diabetes,102,81
1085,1086,P1086-7902-2,Amani Sagar,1979-02-14,46,Female,O+,23.7,"38/167, Thaker Chowk",570001,Epilepsy,90,71
1086,1087,P1087-5503-2,Madhav Sarraf,1955-03-29,70,Female,A+,22.3,"96/107
Salvi Marg",572003,Gout,76,93
1087,1088,P1088-7204-1,Renee Sandal,1972-04-19,53,Male,O+,24.3,"76/577, Deol Ganj",560001,Depression,96,1
1088,1089,P1089-9108-1,Zara Basak,1991-08-29,33,Male,B+,24.2,"626
Dyal Road",560028,Epilepsy,95,28
1089,1090,P1090-8811-1,Dharmajan Chana,1988-11-17,36,Male,AB+,23.7,"588
Vala Marg",560013,Diabetes,90,13
1090,1091,P1091-5209-2,Chirag Deshmukh,1952-09-03,72,Female,O+,26.6,"61/64
Koshy Chowk",560103,Asthma,119,34
1091,1092,P1092-9012-1,Zain Gaba,1990-12-25,34,Male,O-,24.6,"330, Sood Zila",561003,Epilepsy,99,53
1092,1093,P1093-5504-1,Hrishita Dewan,1955-04-24,70,Male,B+,20.0,"H.No. 05, Bajwa Ganj",572005,Diabetes,53,95
1093,1094,P1094-6212-2,Urvi Setty,1962-12-12,62,Female,O+,28.4,"60/76
Mangal Zila",561001,Epilepsy,137,51
1094,1095,P1095-9107-1,Indrans Kapadia,1991-07-08,34,Male,O+,24.1,"H.No. 752, Rege Nagar",562006,Depression,94,66
1095,1096,P1096-6202-2,Vihaan Solanki,1962-02-24,63,Female,O+,21.5,"39/71, Chaudhry Zila",560105,Heart Disease,68,36
1096,1097,P1097-6403-2,Jiya Bajwa,1964-03-09,61,Female,O+,23.6,"H.No. 59, Dass Zila",560007,Hypertension,89,7
1097,1098,P1098-6402-2,Madhup Dutta,1964-02-27,61,Female,O+,24.5,"689, Kari Marg",572001,Heart Disease,98,91
1098,1099,P1099-5101-2,Aarav Mani,1951-01-24,74,Female,A+,19.9,"51/84
Kade Street",562002,Diabetes,52,62
1099,1100,P1100-6603-1,Divij Sehgal,1966-03-09,59,Male,A+,27.2,"46/747
Hegde Zila",560206,Depression,125,47
1100,1101,P1101-8708-1,Amira Deep,1987-08-09,37,Male,A+,23.4,"750
Chawla",560015,Healthy,87,15
1101,1102,P1102-7706-1,Faiyaz Sarna,1977-06-11,48,Male,B+,26.6,"21/27, Dada Chowk",572008,Sleep Apnea,119,98
1102,1103,P1103-7802-2,Adah Ramanathan,1978-02-18,47,Female,B-,27.6,"H.No. 452, Kothari Chowk",560006,Dementia,129,6
1103,1104,P1104-6912-1,Himmat Ahuja,1969-12-18,55,Male,AB+,25.1,"901
Master Chowk",560200,Depression,104,41
1104,1105,P1105-6701-1,Mishti Goswami,1967-01-23,58,Male,B+,24.8,"16/395
Sarin Nagar",560006,Gout,101,6
1105,1106,P1106-5401-1,Zoya Karpe,1954-01-11,71,Male,B+,22.6,"27/07
Choudhury Nagar",560205,Depression,79,46
1106,1107,P1107-9403-1,Navya Kibe,1994-03-02,31,Male,AB+,23.4,"50/84
Boase",560204,Hypertension,87,45
1107,1108,P1108-9401-2,Mahika Bhattacharyya,1994-01-01,31,Female,AB-,19.8,"H.No. 222
Bora Road",561003,Hypertension,51,53
1108,1109,P1109-4110-1,Divyansh Sarraf,1941-10-05,83,Male,A-,19.6,"331, Walla Circle",562010,Gout,49,70
1109,1110,P1110-4302-2,Shanaya Chaudhuri,1943-02-05,82,Female,O+,25.0,"H.No. 96, Bali Zila",570001,Depression,103,71
1110,1111,P1111-5305-2,Aarna Rattan,1953-05-21,72,Female,O+,23.8,"H.No. 584
Sethi Circle",560200,Dementia,91,41
1111,1112,P1112-6908-1,Lagan Ramakrishnan,1969-08-23,55,Male,O+,24.9,"092
Agate",560108,Sleep Apnea,102,39
1112,1113,P1113-9901-1,Prisha Kaur,1999-01-23,26,Male,AB+,22.3,"H.No. 60
Contractor Zila",571010,Asthma,76,90
1113,1114,P1114-6905-2,Fateh Kala,1969-05-13,56,Female,O+,23.0,"261, Rama Marg",560017,Gout,83,17
1114,1115,P1115-6404-1,Vihaan Gala,1964-04-27,61,Male,A+,24.3,"H.No. 597
Badal Road",570010,Gout,96,80
1115,1116,P1116-4410-1,Indranil Butala,1944-10-23,80,Male,A+,23.2,"36/09
Sarma Path",561001,Epilepsy,85,51
1116,1117,P1117-9705-2,Mannat Sarkar,1997-05-15,28,Female,A+,23.5,"23
Krishna Marg",570007,Dementia,88,77
1117,1118,P1118-8711-2,Nayantara Gola,1987-11-02,37,Female,AB-,26.8,"055
Karpe Road",571009,Healthy,121,89
1118,1119,P1119-8308-2,Gatik Bahl,1983-08-07,41,Female,O+,23.0,"43
Walia Circle",570006,Sleep Apnea,83,76
1119,1120,P1120-6708-2,Ishita Thakur,1967-08-17,57,Female,A+,23.1,"H.No. 74
Baral Circle",560014,Dementia,84,14
1120,1121,P1121-9410-1,Tiya Ratti,1994-10-01,30,Male,O+,24.8,"42
Sani Chowk",560028,Healthy,101,28
1121,1122,P1122-5602-1,Kiara Goda,1956-02-24,69,Male,B+,22.9,"35/72
Bhatia Path",561005,Healthy,82,55
1122,1123,P1123-7609-1,Jiya Bhalla,1976-09-01,48,Male,O+,22.7,"57/512, Magar Marg",570006,Diabetes,80,76
1123,1124,P1124-4406-2,Shamik Cherian,1944-06-12,81,Female,A+,20.4,"66/45
Mallick Marg",571009,Gout,57,89
1124,1125,P1125-6701-2,Faiyaz Barad,1967-01-01,58,Female,A-,25.4,"H.No. 758, Sachdeva Circle",560204,Asthma,107,45
1125,1126,P1126-0008-2,Madhav Ray,2000-08-13,24,Female,A+,18.8,"34
Shukla Circle",560207,Gout,41,48
1126,1127,P1127-4102-1,Darshit Kota,1941-02-24,84,Male,AB+,27.8,"66/83, Vohra Marg",562004,Dementia,131,64
1127,1128,P1128-0403-1,Nehmat Majumdar,2004-03-18,21,Male,A+,25.2,"21, Manne Zila",560108,Asthma,105,39
1128,1129,P1129-6610-2,Vanya Mallick,1966-10-08,58,Female,O+,22.3,"H.No. 17, Sinha",571002,Osteoporosis,76,82
1129,1130,P1130-7509-2,Zoya Aggarwal,1975-09-28,49,Female,O-,26.3,"H.No. 607
Sachdev Marg",571009,Depression,116,89
1130,1131,P1131-5405-1,Sana Tata,1954-05-02,71,Male,B+,23.8,"11/95
Shan",560029,Epilepsy,91,29
1131,1132,P1132-5905-2,Myra Chad,1959-05-27,66,Female,O-,22.7,"99/862, Chokshi Ganj",560013,Depression,80,13
1132,1133,P1133-9204-2,Advika Chakraborty,1992-04-21,33,Female,B+,28.1,"H.No. 775
Sen Ganj",560029,Osteoporosis,134,29
1133,1134,P1134-7609-1,Taimur Setty,1976-09-16,48,Male,O+,25.4,"701
Tripathi",570005,Hypertension,107,75
1134,1135,P1135-6212-2,Mannat Rajan,1962-12-25,62,Female,B+,24.6,"H.No. 15
Sur Zila",560012,Sleep Apnea,99,12
1135,1136,P1136-9211-2,Dhanush Zacharia,1992-11-23,32,Female,A+,20.1,"577
Mahal Street",561009,Sleep Apnea,54,59
1136,1137,P1137-0405-1,Kabir Bir,2004-05-17,21,Male,A+,27.9,"H.No. 122, Buch Path",572005,Diabetes,132,95
1137,1138,P1138-7706-1,Samar Bahl,1977-06-18,48,Male,O+,25.7,"H.No. 224
Varkey Road",560004,Sleep Apnea,110,4
1138,1139,P1139-6006-1,Ojas Din,1960-06-24,65,Male,O+,19.8,"978, Rajan Nagar",572001,Heart Disease,51,91
1139,1140,P1140-4712-1,Ehsaan Bhardwaj,1947-12-15,77,Male,B+,25.0,"H.No. 625, Kohli Street",560207,Sleep Apnea,103,48
1140,1141,P1141-7402-1,Charvi Vasa,1974-02-02,51,Male,B+,22.6,"51
Sami Circle",561002,Heart Disease,79,52
1141,1142,P1142-4005-1,Priyansh Varma,1940-05-01,85,Male,O+,23.1,"81
Bal Road",571006,Diabetes,84,86
1142,1143,P1143-7802-1,Khushi Raja,1978-02-26,47,Male,O-,24.0,"593, Goel Nagar",560004,Osteoporosis,93,4
1143,1144,P1144-0401-2,Madhup Sachdev,2004-01-29,21,Female,A+,22.1,"62/256
Jain Chowk",560013,Diabetes,74,13
1144,1145,P1145-6909-1,Taimur Thaman,1969-09-03,55,Male,O+,23.1,"21/66, Chauhan Chowk",570009,Dementia,84,79
1145,1146,P1146-5003-1,Shalv Toor,1950-03-10,75,Male,B-,22.1,"H.No. 42, Yohannan Street",570007,Diabetes,74,77
1146,1147,P1147-7307-1,Mamooty Jha,1973-07-03,52,Male,O+,26.0,"71, Khare Circle",560027,Sleep Apnea,113,27
1147,1148,P1148-9407-2,Akarsh Kala,1994-07-18,30,Female,AB+,24.4,"03, Dhawan Zila",572009,Healthy,97,99
1148,1149,P1149-5505-2,Ritvik Divan,1955-05-16,70,Female,A+,20.0,"781
Virk",572004,Depression,53,94
1149,1150,P1150-9006-1,Zaina Halder,1990-06-27,35,Male,B+,19.4,"09/378, Sachdev Zila",571009,Epilepsy,47,89
1150,1151,P1151-9506-2,Shamik Shan,1995-06-21,30,Female,A-,22.4,"72/782
Acharya Zila",560008,Epilepsy,77,8
1151,1152,P1152-6103-2,Tarini Kant,1961-03-10,64,Female,O+,22.4,"H.No. 91
Sinha Marg",560106,Sleep Apnea,77,37
1152,1153,P1153-8204-2,Miraan Deo,1982-04-12,43,Female,O+,24.4,"95/66
Basu Street",560018,Healthy,97,18
1153,1154,P1154-8607-2,Lakshit Maharaj,1986-07-26,38,Female,A+,23.7,"H.No. 47, Dhar Ganj",560202,Sleep Apnea,90,43
1154,1155,P1155-7512-1,Gokul Varma,1975-12-09,49,Male,AB+,25.3,"H.No. 454
Malhotra Chowk",572008,Dementia,106,98
1155,1156,P1156-7711-2,Mishti Borde,1977-11-24,47,Female,AB+,23.0,"75/57
Sundaram Ganj",560016,Heart Disease,83,16
1156,1157,P1157-9509-2,Jivin Dave,1995-09-09,29,Female,B+,24.5,"630
Sridhar Street",572006,Healthy,98,96
1157,1158,P1158-0301-1,Rohan Chaudhuri,2003-01-29,22,Male,O+,24.8,"47
Goel Street",560100,Sleep Apnea,101,31
1158,1159,P1159-0205-1,Pari Jha,2002-05-21,23,Male,B+,27.5,"H.No. 425
Dyal Path",560108,Hypertension,128,39
1159,1160,P1160-7610-2,Onkar Mani,1976-10-06,48,Female,B+,24.9,"71/53
Sankar Chowk",570004,Sleep Apnea,102,74
1160,1161,P1161-4406-2,Vivaan Hora,1944-06-26,81,Female,AB+,20.6,"H.No. 483, Ramachandran Zila",572004,Gout,59,94
1161,1162,P1162-4304-1,Priyansh Gulati,1943-04-22,82,Male,A+,23.4,"H.No. 157
Sunder Nagar",560108,Osteoporosis,87,39
1162,1163,P1163-8007-2,Gatik Basu,1980-07-22,44,Female,A-,26.6,"91/52
Arora Nagar",560027,Hypertension,119,27
1163,1164,P1164-8603-2,Darshit Dar,1986-03-28,39,Female,O+,26.8,"30/00
Kohli Chowk",560013,Depression,121,13
1164,1165,P1165-8108-2,Nishith Yohannan,1981-08-31,43,Female,O+,22.2,"02, Upadhyay Zila",572007,Healthy,75,97
1165,1166,P1166-0109-1,Bhavin Warrior,2001-09-17,23,Male,B+,23.1,"46/34
Agate",562005,Osteoporosis,84,65
1166,1167,P1167-6701-1,Divyansh Mahal,1967-01-04,58,Male,O-,24.0,"35/095
Sunder Nagar",560001,Healthy,93,1
1167,1168,P1168-4404-2,Kaira Banik,1944-04-23,81,Female,O+,24.1,"81/441, Ramakrishnan Chowk",570007,Hypertension,94,77
1168,1169,P1169-9104-2,Aradhya D’Alia,1991-04-16,34,Female,O+,23.0,"H.No. 105
Saraf Circle",571003,Hypertension,83,83
1169,1170,P1170-4905-1,Samaira Thaman,1949-05-14,76,Male,B+,27.4,"H.No. 295
Magar Nagar",560201,Heart Disease,127,42
1170,1171,P1171-4011-1,Saksham Dugal,1940-11-20,84,Male,O-,21.8,"530
Tank Marg",570008,Healthy,71,78
1171,1172,P1172-0507-1,Madhav Yohannan,2005-07-21,19,Male,O+,26.2,"H.No. 613
Ramakrishnan Circle",560107,Epilepsy,115,38
1172,1173,P1173-9410-2,Prisha Banik,1994-10-15,30,Female,O+,23.7,"49/455, Bhatt Circle",562010,Asthma,90,70
1173,1174,P1174-5110-2,Nishith Sangha,1951-10-11,73,Female,O+,21.5,"H.No. 41
Baral Street",570008,Hypertension,68,78
1174,1175,P1175-5311-1,Nayantara Ranganathan,1953-11-29,71,Male,AB+,23.3,"970
Chaudhari Circle",560013,Hypertension,86,13
1175,1176,P1176-9606-2,Kavya Gole,1996-06-13,29,Female,O+,24.3,"H.No. 805
Sheth Chowk",561004,Hypertension,96,54
1176,1177,P1177-8704-2,Tejas Bora,1987-04-17,38,Female,O+,23.9,"10/33, Khalsa Circle",572003,Sleep Apnea,92,93
1177,1178,P1178-4604-2,Shlok Raja,1946-04-25,79,Female,O+,21.9,"78
Srinivasan Chowk",572007,Heart Disease,72,97
1178,1179,P1179-7001-1,Inaaya  Rana,1970-01-05,55,Male,O+,27.9,"99/05
Rajagopal Ganj",570006,Epilepsy,132,76
1179,1180,P1180-9812-1,Aaina Magar,1998-12-20,26,Male,A-,23.9,"83/417, De Path",560028,Diabetes,92,28
1180,1181,P1181-6104-1,Gokul Ghose,1961-04-18,64,Male,B+,26.5,"92/883
Babu Marg",561001,Depression,118,51
1181,1182,P1182-7603-1,Misha Solanki,1976-03-06,49,Male,B+,20.4,"41/767
Raj Circle",560002,Sleep Apnea,57,2
1182,1183,P1183-9609-1,Ahana  Bala,1996-09-24,28,Male,O+,27.4,"H.No. 37, Khosla Zila",570006,Epilepsy,127,76
1183,1184,P1184-9008-1,Veer Lall,1990-08-17,34,Male,O+,23.1,"493, Kala Road",560206,Hypertension,84,47
1184,1185,P1185-5810-2,Heer Ramanathan,1958-10-25,66,Female,B+,23.2,"H.No. 961
Wali Road",560205,Healthy,85,46
1185,1186,P1186-7712-2,Azad Deo,1977-12-30,47,Female,O+,26.4,"218
Kuruvilla Chowk",571010,Sleep Apnea,117,90
1186,1187,P1187-0006-1,Navya Gandhi,2000-06-30,25,Male,O+,27.0,"H.No. 56, Walia Circle",560008,Dementia,123,8
1187,1188,P1188-4403-2,Alisha Sachar,1944-03-28,81,Female,A+,24.4,"94/773
Sharma Circle",560006,Epilepsy,97,6
1188,1189,P1189-7609-2,Miraya Shetty,1976-09-28,48,Female,O+,22.8,"H.No. 83, Bhargava Path",561006,Heart Disease,81,56
1189,1190,P1190-8507-2,Keya Subramanian,1985-07-29,39,Female,AB+,22.6,"20/61
Sarna Ganj",560015,Asthma,79,15
1190,1191,P1191-9809-2,Seher Majumdar,1998-09-10,26,Female,B+,24.7,"H.No. 49, Dugar Road",560007,Epilepsy,100,7
1191,1192,P1192-8904-1,Mahika Mane,1989-04-11,36,Male,B-,23.2,"H.No. 646, Gole Marg",560108,Healthy,85,39
1192,1193,P1193-6508-2,Saanvi Sachdev,1965-08-18,59,Female,AB+,24.1,"50/879, Soman Path",560022,Heart Disease,94,22
1193,1194,P1194-9304-1,Jivin Desai,1993-04-07,32,Male,O-,23.1,"H.No. 616
Baria Road",560011,Diabetes,84,11
1194,1195,P1195-9702-1,Alia Seth,1997-02-18,28,Male,O-,25.7,"690
Raman Nagar",560100,Sleep Apnea,110,31
1195,1196,P1196-0505-2,Parinaaz Walia,2005-05-26,20,Female,A+,20.4,"74/858
Dalal Road",560102,Depression,57,33
1196,1197,P1197-7402-1,Vihaan Khare,1974-02-17,51,Male,A+,24.7,"70/80, Soman Ganj",561003,Depression,100,53
1197,1198,P1198-0407-1,Ranbir Tara,2004-07-15,20,Male,O+,25.1,"H.No. 74, Kar Road",560007,Epilepsy,104,7
1198,1199,P1199-5702-2,Nitya Dugal,1957-02-19,68,Female,O-,23.0,"63
Gala",570008,Diabetes,83,78
1199,1200,P1200-8003-2,Mahika Dara,1980-03-22,45,Female,A+,27.5,"H.No. 330
Rajagopal Zila",562003,Epilepsy,128,63
1200,1201,P1201-9303-2,Yashvi Chawla,1993-03-09,32,Female,A+,22.9,"47/86, Upadhyay Path",572007,Dementia,82,97
1201,1202,P1202-9107-1,Samar Keer,1991-07-18,33,Male,A+,22.8,"H.No. 322
Tandon Marg",560106,Sleep Apnea,81,37
1202,1203,P1203-6002-1,Jivika Bahl,1960-02-03,65,Male,O+,23.4,"95/051
Varma Circle",560201,Asthma,87,42
1203,1204,P1204-4812-1,Divit Singhal,1948-12-06,76,Male,B-,24.8,"H.No. 33, Agarwal Street",561007,Hypertension,101,57
1204,1205,P1205-5506-2,Neelofar Mahal,1955-06-18,70,Female,A+,23.5,"H.No. 989
Yohannan Path",560107,Diabetes,88,38
1205,1206,P1206-8109-1,Mamooty Bhagat,1981-09-16,43,Male,B-,21.4,"77
Mander Nagar",560009,Asthma,67,9
1206,1207,P1207-4011-2,Dharmajan Dugar,1940-11-19,84,Female,A+,23.0,"H.No. 660, Badal Street",562004,Asthma,83,64
1207,1208,P1208-4306-2,Nitya Salvi,1943-06-02,82,Female,A+,23.1,"557, Manne Circle",561010,Hypertension,84,60
1208,1209,P1209-0109-2,Ivana Talwar,2001-09-27,23,Female,B+,27.5,"26
Subramanian Ganj",560001,Gout,128,1
1209,1210,P1210-8610-1,Miraya Saha,1986-10-30,38,Male,O-,25.0,"H.No. 42, Mammen Ganj",572005,Osteoporosis,103,95
1210,1211,P1211-7012-1,Madhav Karan,1970-12-08,54,Male,A+,26.7,"H.No. 12, Barad Chowk",560208,Asthma,120,49
1211,1212,P1212-4910-2,Indranil Savant,1949-10-01,75,Female,O+,23.3,"600, Sachdeva Chowk",570002,Heart Disease,86,72
1212,1213,P1213-5101-1,Mishti Viswanathan,1951-01-28,74,Male,O+,21.1,"32, Bhatia Street",560024,Diabetes,64,24
1213,1214,P1214-9510-1,Jivin Karnik,1995-10-29,29,Male,B+,21.2,"442
Bath Circle",560014,Hypertension,65,14
1214,1215,P1215-8507-1,Krish Raja,1985-07-10,40,Male,O+,25.9,"H.No. 74
Deol Road",560026,Epilepsy,112,26
1215,1216,P1216-9702-2,Amani Chada,1997-02-27,28,Female,A+,22.8,"H.No. 918
Kadakia Path",570010,Epilepsy,81,80
1216,1217,P1217-9810-1,Manikya Sandhu,1998-10-28,26,Male,A+,21.8,"H.No. 887
Goel Ganj",560006,Hypertension,71,6
1217,1218,P1218-8706-1,Zara Barad,1987-06-26,38,Male,A+,22.1,"863
Verma Nagar",560026,Healthy,74,26
1218,1219,P1219-6804-2,Yuvraj  Hegde,1968-04-14,57,Female,B-,27.3,"H.No. 90
Kurian Ganj",562008,Dementia,126,68
1219,1220,P1220-8804-1,Aarav Bhandari,1988-04-10,37,Male,A+,22.8,"H.No. 676, Kaur Path",560023,Heart Disease,81,23
1220,1221,P1221-9406-1,Arnav Kanda,1994-06-16,31,Male,A+,22.7,"H.No. 82
Kibe Path",572006,Asthma,80,96
1221,1222,P1222-8607-2,Lakshit Karpe,1986-07-30,38,Female,O-,23.8,"76/673
Rastogi Circle",560107,Heart Disease,91,38
1222,1223,P1223-0404-2,Shanaya Sengupta,2004-04-11,21,Female,A+,24.6,"H.No. 385
Agate Zila",560019,Gout,99,19
1223,1224,P1224-6010-2,Madhup Tak,1960-10-10,64,Female,B+,21.7,"76/045, Wali Ganj",560108,Diabetes,70,39
1224,1225,P1225-4410-1,Miraya Contractor,1944-10-16,80,Male,B+,24.5,"H.No. 27, Babu Circle",561010,Heart Disease,98,60
1225,1226,P1226-8503-1,Prerak Mahajan,1985-03-05,40,Male,B+,25.0,"06, Kothari Zila",560006,Healthy,103,6
1226,1227,P1227-4003-1,Aayush Tata,1940-03-07,85,Male,O-,27.4,"58/68, Lalla Road",561007,Heart Disease,127,57
1227,1228,P1228-9306-2,Madhav Dara,1993-06-15,32,Female,O+,23.9,"209, Bains Street",562003,Healthy,92,63
1228,1229,P1229-9210-2,Sana Grover,1992-10-05,32,Female,O+,25.4,"H.No. 66, Yogi Path",562005,Osteoporosis,107,65
1229,1230,P1230-0512-1,Kanav Bhasin,2005-12-06,19,Male,B+,24.6,"43/47
Mahajan Circle",560200,Asthma,99,41
1230,1231,P1231-9509-1,Hridaan Dada,1995-09-16,29,Male,A-,20.6,"H.No. 056, Zachariah Nagar",560105,Epilepsy,59,36
1231,1232,P1232-9912-2,Rasha Mammen,1999-12-29,25,Female,O+,23.0,"H.No. 22
Singhal Chowk",560203,Healthy,83,44
1232,1233,P1233-4902-1,Vivaan Sha,1949-02-12,76,Male,O+,24.9,"H.No. 661
Yogi",560008,Heart Disease,102,8
1233,1234,P1234-9202-2,Reyansh Barad,1992-02-03,33,Female,A-,21.8,"22
Dube Circle",560003,Hypertension,71,3
1234,1235,P1235-0302-1,Ishita Bassi,2003-02-15,22,Male,O+,24.3,"65
Virk Road",562004,Diabetes,96,64
1235,1236,P1236-6711-2,Mannat Sehgal,1967-11-20,57,Female,O+,22.0,"67/111
Kade",560202,Depression,73,43
1236,1237,P1237-6706-2,Elakshi Rajagopal,1967-06-25,58,Female,B+,24.9,"H.No. 24
Andra Nagar",570006,Epilepsy,102,76
1237,1238,P1238-4111-2,Priyansh Wason,1941-11-15,83,Female,B+,22.6,"H.No. 204, Khanna Chowk",560027,Gout,79,27
1238,1239,P1239-5606-2,Farhan Sastry,1956-06-14,69,Female,A+,21.7,"H.No. 08, Manne Path",560109,Depression,70,40
1239,1240,P1240-5710-1,Nirvi Jayaraman,1957-10-23,67,Male,O+,22.5,"H.No. 40, Gokhale Road",560004,Epilepsy,78,4
1240,1241,P1241-8311-1,Raghav Sama,1983-11-24,41,Male,O+,22.7,"H.No. 959
Bali Marg",560012,Osteoporosis,80,12
1241,1242,P1242-8604-2,Heer Sen,1986-04-06,39,Female,B+,23.5,"115, Chowdhury Zila",562004,Hypertension,88,64
1242,1243,P1243-9910-1,Alisha Jha,1999-10-06,25,Male,O+,20.6,"45/07
Dash Marg",561009,Sleep Apnea,59,59
1243,1244,P1244-8910-2,Armaan Tata,1989-10-09,35,Female,O+,24.5,"H.No. 22
Dora",570004,Hypertension,98,74
1244,1245,P1245-8002-1,Vanya Halder,1980-02-21,45,Male,A+,24.2,"811
Aggarwal",560102,Diabetes,95,33
1245,1246,P1246-8804-1,Tushar Gandhi,1988-04-11,37,Male,O+,24.9,"93/173
Vohra Circle",560206,Dementia,102,47
1246,1247,P1247-7705-2,Ritvik Bobal,1977-05-22,48,Female,O+,25.3,"588, Ganesan Ganj",560011,Asthma,106,11
1247,1248,P1248-8805-2,Anahi Ranganathan,1988-05-01,37,Female,O+,21.8,"H.No. 542, Sehgal Marg",561010,Osteoporosis,71,60
1248,1249,P1249-7802-2,Vanya Wason,1978-02-17,47,Female,O+,21.0,"65/72
Handa Circle",560201,Gout,63,42
1249,1250,P1250-4202-2,Hiran Sandhu,1942-02-01,83,Female,AB+,22.6,"74, Sarma Marg",571006,Asthma,79,86
1250,1251,P1251-6612-1,Advika Sabharwal,1966-12-06,58,Male,A+,25.0,"H.No. 39, Jhaveri Ganj",560026,Depression,103,26
1251,1252,P1252-0206-1,Lavanya Chahal,2002-06-02,23,Male,A+,22.6,"H.No. 203, Varty Nagar",572005,Gout,79,95
1252,1253,P1253-8112-1,Hiran Date,1981-12-18,43,Male,O+,21.7,"H.No. 74
Sibal Nagar",562003,Depression,70,63
1253,1254,P1254-7201-2,Saanvi Balakrishnan,1972-01-23,53,Female,O+,27.2,"20/436
Gulati Path",570005,Asthma,125,75
1254,1255,P1255-9412-2,Vihaan Goda,1994-12-15,30,Female,A+,25.9,"13/13
Lad Circle",570010,Gout,112,80
1255,1256,P1256-0002-1,Amani Mann,2000-02-05,25,Male,A+,22.3,"740
Hans Circle",570010,Sleep Apnea,76,80
1256,1257,P1257-6807-2,Lakshay Korpal,1968-07-14,57,Female,AB+,21.1,"229
Chaudry Path",560017,Asthma,64,17
1257,1258,P1258-8712-2,Nishith Bava,1987-12-18,37,Female,O-,22.0,"37/774
Gera Marg",571005,Hypertension,73,85
1258,1259,P1259-9703-2,Shray Tripathi,1997-03-08,28,Female,O+,21.5,"59
Kata Zila",560023,Osteoporosis,68,23
1259,1260,P1260-4811-1,Rhea Bajwa,1948-11-20,76,Male,O+,23.9,"71/006, Dua Nagar",562009,Gout,92,69
1260,1261,P1261-5309-2,Jivika Dhawan,1953-09-19,71,Female,A+,23.3,"H.No. 22, Sachar Chowk",560024,Asthma,86,24
1261,1262,P1262-6801-1,Anya Krishnamurthy,1968-01-24,57,Male,AB+,23.2,"H.No. 25, Ranganathan",560020,Healthy,85,20
1262,1263,P1263-4806-2,Tara Bahri,1948-06-11,77,Female,B-,23.0,"H.No. 40, Bhavsar Ganj",571004,Hypertension,83,84
1263,1264,P1264-5105-1,Hunar Sarraf,1951-05-29,74,Male,O+,24.7,"72/952
Rao Marg",560105,Epilepsy,100,36
1264,1265,P1265-5912-2,Drishya Varghese,1959-12-26,65,Female,O+,24.2,"776, Halder Circle",560013,Epilepsy,95,13
1265,1266,P1266-5311-2,Kanav Dalal,1953-11-26,71,Female,A+,25.7,"13
Yohannan Chowk",560029,Osteoporosis,110,29
1266,1267,P1267-8503-2,Anaya Rajan,1985-03-17,40,Female,O+,20.8,"H.No. 219
Madan Circle",571007,Depression,61,87
1267,1268,P1268-8201-2,Nitya Jaggi,1982-01-01,43,Female,A+,27.5,"H.No. 285, Srinivasan Chowk",570007,Hypertension,128,77
1268,1269,P1269-6002-2,Mohanlal Sarin,1960-02-27,65,Female,O+,25.1,"H.No. 40
Ghosh Ganj",560022,Dementia,104,22
1269,1270,P1270-9807-2,Kabir Krishnamurthy,1998-07-29,26,Female,A-,23.9,"63/93
Saha Path",572002,Healthy,92,92
1270,1271,P1271-9208-1,Hrishita Kulkarni,1992-08-04,32,Male,O+,22.2,"58/565, Kamdar Chowk",570003,Healthy,75,73
1271,1272,P1272-5912-2,Armaan Arora,1959-12-19,65,Female,A+,22.8,"71/71
Apte Chowk",560102,Diabetes,81,33
1272,1273,P1273-6108-2,Indranil Khanna,1961-08-03,63,Female,O-,19.6,"17
Banik Road",561009,Dementia,49,59
1273,1274,P1274-8705-2,Taimur Kothari,1987-05-05,38,Female,O-,29.3,"H.No. 568, Bhat Ganj",560015,Depression,146,15
1274,1275,P1275-7212-2,Aradhya Saini,1972-12-14,52,Female,B-,25.5,"747, Sachar Path",560105,Sleep Apnea,108,36
1275,1276,P1276-8303-2,Vaibhav Banik,1983-03-29,42,Female,A-,22.7,"51, Saini Circle",560010,Gout,80,10
1276,1277,P1277-4104-2,Nitya Batra,1941-04-28,84,Female,B+,22.9,"H.No. 43, Bedi Nagar",571006,Heart Disease,82,86
1277,1278,P1278-0401-1,Damini Kulkarni,2004-01-04,21,Male,O+,24.2,"773, Sachdev Road",560106,Heart Disease,95,37
1278,1279,P1279-8710-2,Aarav Dhingra,1987-10-25,37,Female,O-,21.7,"93, Saini Nagar",560004,Heart Disease,70,4
1279,1280,P1280-5504-2,Nakul Bose,1955-04-24,70,Female,A+,25.8,"197
Barad Path",571004,Depression,111,84
1280,1281,P1281-6304-2,Navya Chandra,1963-04-21,62,Female,A-,22.7,"31/20, Rastogi Zila",560109,Sleep Apnea,80,40
1281,1282,P1282-8408-1,Vanya Bahl,1984-08-21,40,Male,B+,22.3,"349
Bhardwaj Road",560208,Gout,76,49
1282,1283,P1283-5110-2,Armaan Batra,1951-10-21,73,Female,A+,25.0,"670
Buch Path",560018,Sleep Apnea,103,18
1283,1284,P1284-7805-1,Rasha Dash,1978-05-26,47,Male,A+,25.3,"54/58, Chandran Path",572009,Sleep Apnea,106,99
1284,1285,P1285-4304-2,Uthkarsh Konda,1943-04-24,82,Female,O+,26.0,"06/57
Mangat Path",572007,Hypertension,113,97
1285,1286,P1286-5708-1,Anahi Bhatia,1957-08-18,67,Male,O+,24.4,"45/92
Rau Nagar",570002,Epilepsy,97,72
1286,1287,P1287-4502-1,Nayantara Chokshi,1945-02-02,80,Male,O-,24.2,"95/167
Verma Road",560019,Asthma,95,19
1287,1288,P1288-5703-2,Ehsaan Aurora,1957-03-22,68,Female,O-,23.8,"H.No. 74
Ravi Marg",560030,Dementia,91,30
1288,1289,P1289-4706-1,Tushar Verma,1947-06-04,78,Male,B+,22.6,"17/95, Bhatnagar Circle",560107,Osteoporosis,79,38
1289,1290,P1290-4504-1,Mannat Dey,1945-04-28,80,Male,A+,23.5,"96/37
Sibal Nagar",561003,Gout,88,53
1290,1291,P1291-7201-2,Lakshit Kalla,1972-01-02,53,Female,A-,25.9,"91/10, Dass Street",570007,Asthma,112,77
1291,1292,P1292-9810-1,Ishaan Bassi,1998-10-14,26,Male,O+,22.0,"99/27
Baria Chowk",560008,Healthy,73,8
1292,1293,P1293-8803-1,Lakshay Dugar,1988-03-02,37,Male,A-,24.4,"77/106
Sachdev Street",560103,Dementia,97,34
1293,1294,P1294-4407-2,Ryan Sawhney,1944-07-02,81,Female,B+,26.0,"H.No. 61, Bhargava Chowk",562006,Hypertension,113,66
1294,1295,P1295-7904-1,Tiya Sabharwal,1979-04-15,46,Male,A+,22.8,"H.No. 30
Sridhar Zila",560010,Sleep Apnea,81,10
1295,1296,P1296-6001-2,Aradhya Agate,1960-01-25,65,Female,B+,24.3,"99/259, Tripathi Path",562008,Healthy,96,68
1296,1297,P1297-8102-1,Taimur Badami,1981-02-11,44,Male,A+,21.7,"H.No. 203, Shere Marg",572001,Dementia,70,91
1297,1298,P1298-4209-2,Dishani Saraf,1942-09-16,82,Female,O+,22.6,"28, Date Path",560020,Gout,79,20
1298,1299,P1299-4612-1,Faiyaz Buch,1946-12-10,78,Male,O+,21.5,"H.No. 553
Kapoor",572006,Sleep Apnea,68,96
1299,1300,P1300-5901-1,Saksham Dixit,1959-01-29,66,Male,AB+,24.8,"H.No. 591
Rattan Circle",561003,Osteoporosis,101,53
1300,1301,P1301-7301-2,Akarsh Amble,1973-01-19,52,Female,O-,24.0,"H.No. 38
Luthra Ganj",560002,Diabetes,93,2
1301,1302,P1302-6204-2,Aaina Mammen,1962-04-13,63,Female,AB+,28.5,"H.No. 103
Kunda Chowk",560009,Asthma,138,9
1302,1303,P1303-6510-1,Neysa Sidhu,1965-10-30,59,Male,A+,24.8,"18/80
Konda Ganj",560005,Depression,101,5
1303,1304,P1304-4408-1,Eshani Wable,1944-08-14,80,Male,AB+,22.6,"60/433, Rana Ganj",560023,Epilepsy,79,23
1304,1305,P1305-0503-2,Tiya Reddy,2005-03-23,20,Female,A+,22.5,"H.No. 285, Koshy Road",560012,Depression,78,12
1305,1306,P1306-4205-1,Shayak Sarma,1942-05-02,83,Male,O+,24.6,"05/36, Khalsa Road",560107,Diabetes,99,38
1306,1307,P1307-7301-2,Sahil Varghese,1973-01-06,52,Female,O+,23.8,"33
Dora Street",561008,Dementia,91,58
1307,1308,P1308-9302-2,Diya D’Alia,1993-02-07,32,Female,B+,21.4,"12/36, Chander Circle",560008,Sleep Apnea,67,8
1308,1309,P1309-5304-2,Stuvan Gupta,1953-04-04,72,Female,A+,24.9,"H.No. 42
Krishna Zila",561003,Sleep Apnea,102,53
1309,1310,P1310-4408-1,Romil Jayaraman,1944-08-27,80,Male,A+,21.3,"H.No. 36
Verma Road",560006,Epilepsy,66,6
1310,1311,P1311-0110-2,Zain Dasgupta,2001-10-11,23,Female,B+,23.3,"49/167, Gola Marg",561001,Diabetes,86,51
1311,1312,P1312-8505-2,Ryan Mander,1985-05-14,40,Female,O+,24.3,"75, Sagar Nagar",571004,Sleep Apnea,96,84
1312,1313,P1313-5310-1,Riya Bhagat,1953-10-27,71,Male,A+,25.3,"216, Ravel Zila",572001,Sleep Apnea,106,91
1313,1314,P1314-7810-1,Chirag Bera,1978-10-27,46,Male,A+,24.5,"H.No. 40, Thaker",560004,Dementia,98,4
1314,1315,P1315-4307-2,Shlok Lall,1943-07-27,81,Female,A+,24.2,"39, Sandhu Chowk",570001,Asthma,95,71
1315,1316,P1316-0401-2,Devansh Bedi,2004-01-17,21,Female,A+,23.6,"39
Sankar Nagar",570007,Healthy,89,77
1316,1317,P1317-7003-2,Rania Sodhi,1970-03-23,55,Female,A+,23.8,"H.No. 23
Kohli Zila",572007,Heart Disease,91,97
1317,1318,P1318-9309-2,Mannat Kumar,1993-09-26,31,Female,B+,26.1,"728
Lata Path",560011,Osteoporosis,114,11
1318,1319,P1319-8805-2,Hridaan Lall,1988-05-08,37,Female,O+,23.6,"H.No. 910
Sengupta Chowk",562008,Heart Disease,89,68
1319,1320,P1320-8111-2,Vritika Sanghvi,1981-11-10,43,Female,O+,27.5,"97, Sodhi Circle",560021,Asthma,128,21
1320,1321,P1321-5406-2,Lavanya Brahmbhatt,1954-06-19,71,Female,A+,25.9,"H.No. 61, Mahajan Street",571009,Depression,112,89
1321,1322,P1322-7602-2,Diya Balakrishnan,1976-02-13,49,Female,B+,24.6,"19/577, Chaudhuri Nagar",560203,Healthy,99,44
1322,1323,P1323-9104-1,Drishya Varughese,1991-04-24,34,Male,O+,25.6,"43, Dara Chowk",560106,Osteoporosis,109,37
1323,1324,P1324-6810-1,Drishya Mangat,1968-10-28,56,Male,B+,24.7,"43/67, Thakkar Nagar",561009,Hypertension,100,59
1324,1325,P1325-5312-1,Mahika Rana,1953-12-23,71,Male,A-,22.2,"44/80
Ahuja Path",560108,Depression,75,39
1325,1326,P1326-7705-2,Trisha Dhingra,1977-05-12,48,Female,O+,23.2,"H.No. 679, Shere Marg",560028,Hypertension,85,28
1326,1327,P1327-4307-2,Prisha Dhillon,1943-07-06,82,Female,A+,26.5,"04/54, Dugal Marg",560015,Dementia,118,15
1327,1328,P1328-8608-1,Yakshit Shukla,1986-08-01,38,Male,B+,21.4,"H.No. 24
Iyengar Marg",561008,Depression,67,58
1328,1329,P1329-8904-2,Ira Badami,1989-04-08,36,Female,O+,23.5,"05
Wali Circle",560006,Heart Disease,88,6
1329,1330,P1330-5901-1,Kanav Bali,1959-01-10,66,Male,O+,21.9,"87/582
Chowdhury Street",562008,Osteoporosis,72,68
1330,1331,P1331-4709-1,Saksham Kale,1947-09-26,77,Male,A+,22.0,"H.No. 26, Chandra Chowk",570010,Heart Disease,73,80
1331,1332,P1332-8502-1,Zaina Kibe,1985-02-27,40,Male,B+,22.9,"34
Deshmukh Street",560202,Heart Disease,82,43
1332,1333,P1333-9202-1,Ivana Mander,1992-02-14,33,Male,AB+,23.8,"78/108
Amble Zila",572001,Depression,91,91
1333,1334,P1334-6611-2,Pihu Chand,1966-11-01,58,Female,A+,26.2,"H.No. 69, Ahluwalia Road",560018,Heart Disease,115,18
1334,1335,P1335-7512-1,Yuvraj  Dhingra,1975-12-09,49,Male,B-,25.1,"81/39
Bhatti Ganj",570009,Asthma,104,79
1335,1336,P1336-7104-1,Anvi Jayaraman,1971-04-28,54,Male,B+,28.2,"49/37
Bhavsar Ganj",560015,Osteoporosis,135,15
1336,1337,P1337-8409-2,Bhavin Doctor,1984-09-18,40,Female,B+,24.8,"38/28
Rajagopal Nagar",571009,Asthma,101,89
1337,1338,P1338-9010-1,Pihu Chaudhuri,1990-10-05,34,Male,O+,22.2,"H.No. 704, Sharaf Path",560010,Depression,75,10
1338,1339,P1339-6108-1,Miraan Sood,1961-08-02,63,Male,A-,20.7,"91/369
Kamdar Circle",560101,Asthma,60,32
1339,1340,P1340-6310-1,Eva Bath,1963-10-24,61,Male,AB+,23.3,"20/23, Venkatesh Circle",560014,Healthy,86,14
1340,1341,P1341-0309-2,Neysa Mani,2003-09-29,21,Female,A+,26.3,"56/24, Sandhu Ganj",560008,Heart Disease,116,8
1341,1342,P1342-8206-2,Urvi Dave,1982-06-17,43,Female,A-,22.0,"H.No. 55
Kuruvilla",571007,Healthy,73,87
1342,1343,P1343-6101-2,Kiaan Shankar,1961-01-18,64,Female,A+,24.0,"569, Kalita Circle",562006,Epilepsy,93,66
1343,1344,P1344-4406-1,Kabir Biswas,1944-06-07,81,Male,O+,22.1,"H.No. 817
Konda",571002,Heart Disease,74,82
1344,1345,P1345-4803-1,Mamooty Sachar,1948-03-13,77,Male,B+,20.7,"H.No. 466, Basu Road",560006,Hypertension,60,6
1345,1346,P1346-5702-1,Kismat Dua,1957-02-19,68,Male,A+,22.5,"09/15, Butala",561003,Heart Disease,78,53
1346,1347,P1347-6008-2,Hansh Roy,1960-08-02,64,Female,O+,19.6,"12
Barad Nagar",560206,Hypertension,49,47
1347,1348,P1348-0002-2,Rasha Vaidya,2000-02-24,25,Female,AB+,24.3,"H.No. 499, Loke Marg",560019,Epilepsy,96,19
1348,1349,P1349-4706-1,Manjari Sama,1947-06-20,78,Male,O+,25.3,"90/933
Kurian Road",562009,Diabetes,106,69
1349,1350,P1350-7302-1,Siya Choudhary,1973-02-03,52,Male,O+,24.7,"772
Kanda Circle",560208,Heart Disease,100,49
1350,1351,P1351-4804-1,Khushi Choudhary,1948-04-26,77,Male,AB+,20.2,"72, Datta Street",571002,Hypertension,55,82
1351,1352,P1352-6304-2,Adira Agate,1963-04-11,62,Female,O+,24.4,"H.No. 60, Bajwa Road",570001,Asthma,97,71
1352,1353,P1353-8701-2,Indrans Kakar,1987-01-24,38,Female,O+,22.8,"83
Dass Zila",560104,Healthy,81,35
1353,1354,P1354-9401-1,Myra Dutta,1994-01-01,31,Male,B+,23.2,"H.No. 65
Kala Zila",571004,Gout,85,84
1354,1355,P1355-7402-1,Jivika Chaudry,1974-02-14,51,Male,O-,25.7,"51/17, Sathe Street",572004,Heart Disease,110,94
1355,1356,P1356-7605-2,Onkar Tripathi,1976-05-05,49,Female,O+,21.5,"H.No. 704, Lanka Ganj",562008,Asthma,68,68
1356,1357,P1357-6501-1,Kabir Dar,1965-01-16,60,Male,O+,28.1,"301, Bala Ganj",560009,Asthma,134,9
1357,1358,P1358-6312-1,Prisha Manne,1963-12-08,61,Male,A+,28.1,"162, Bajwa",560008,Hypertension,134,8
1358,1359,P1359-8008-1,Ivana Vaidya,1980-08-27,44,Male,O-,24.3,"971, Rajagopal Street",571009,Sleep Apnea,96,89
1359,1360,P1360-8306-2,Suhana Sarma,1983-06-01,42,Female,O+,22.1,"96/374
Raval Marg",572010,Sleep Apnea,74,100
1360,1361,P1361-5404-2,Vaibhav Mallick,1954-04-08,71,Female,B+,26.0,"21/265, Walia Zila",560021,Heart Disease,113,21
1361,1362,P1362-8406-1,Kismat Mannan,1984-06-02,41,Male,A+,18.6,"H.No. 572, Hegde Chowk",560019,Sleep Apnea,39,19
1362,1363,P1363-7102-1,Anya Kibe,1971-02-25,54,Male,B+,25.2,"90/21
Bhakta Nagar",560021,Epilepsy,105,21
1363,1364,P1364-4007-2,Rhea Lall,1940-07-20,85,Female,AB+,22.7,"57, Dhawan Path",562008,Sleep Apnea,80,68
1364,1365,P1365-5101-1,Rati Contractor,1951-01-09,74,Male,A+,23.6,"H.No. 48, Contractor Chowk",570006,Epilepsy,89,76
1365,1366,P1366-7706-2,Jiya Savant,1977-06-21,48,Female,B-,24.7,"H.No. 324, Bose Circle",560200,Dementia,100,41
1366,1367,P1367-6907-2,Zara Zacharia,1969-07-30,55,Female,O+,23.1,"89/04, Raman Ganj",562002,Epilepsy,84,62
1367,1368,P1368-8705-1,Oorja Khalsa,1987-05-02,38,Male,A+,22.9,"35/167
Koshy Zila",560014,Epilepsy,82,14
1368,1369,P1369-6709-2,Lakshay Chauhan,1967-09-02,57,Female,O+,23.5,"H.No. 63
Jani Marg",560201,Osteoporosis,88,42
1369,1370,P1370-9612-1,Zeeshan Bala,1996-12-17,28,Male,B-,22.3,"H.No. 483
Swaminathan Street",572005,Heart Disease,76,95
1370,1371,P1371-4612-2,Anahi Gola,1946-12-05,78,Female,A+,24.7,"H.No. 57, Grover Road",561008,Osteoporosis,100,58
1371,1372,P1372-9010-1,Inaaya  Basu,1990-10-11,34,Male,B+,22.1,"H.No. 420, Lall",560028,Hypertension,74,28
1372,1373,P1373-9911-2,Ayesha Khalsa,1999-11-06,25,Female,A+,23.8,"64/952
Borah Street",572004,Gout,91,94
1373,1374,P1374-6111-1,Neelofar Bala,1961-11-09,63,Male,A+,23.4,"H.No. 16, Tiwari Street",560015,Healthy,87,15
1374,1375,P1375-8209-1,Sara Kade,1982-09-25,42,Male,B+,24.8,"08
Dutta Ganj",562004,Asthma,101,64
1375,1376,P1376-9501-2,Adah Bajwa,1995-01-05,30,Female,O+,24.6,"35, Bhatia Path",560021,Depression,99,21
1376,1377,P1377-6001-1,Rati Basu,1960-01-16,65,Male,O+,22.6,"13/065
Mann Ganj",560204,Hypertension,79,45
1377,1378,P1378-7502-2,Kabir Raja,1975-02-15,50,Female,O+,27.6,"63/51
Raval Path",562010,Dementia,129,70
1378,1379,P1379-8509-2,Dhruv Khatri,1985-09-21,39,Female,A+,27.5,"23, Agate Circle",570010,Osteoporosis,128,80
1379,1380,P1380-9502-1,Zeeshan Goyal,1995-02-08,30,Male,A+,27.6,"56, Varma Marg",572008,Depression,129,98
1380,1381,P1381-0204-1,Damini Subramanian,2002-04-06,23,Male,O+,27.6,"462
Hayre Street",570008,Asthma,129,78
1381,1382,P1382-0012-1,Nakul Sura,2000-12-13,24,Male,B+,24.6,"H.No. 18
Bahl Road",560102,Diabetes,99,33
1382,1383,P1383-9810-1,Yuvraj  Iyengar,1998-10-17,26,Male,AB+,23.8,"15/72, Sharma Path",572007,Dementia,91,97
1383,1384,P1384-7710-2,Parinaaz Vala,1977-10-03,47,Female,A+,22.2,"H.No. 724
Ravi Chowk",560007,Epilepsy,75,7
1384,1385,P1385-0306-1,Tara Rau,2003-06-02,22,Male,B+,24.6,"H.No. 38, Karpe Nagar",572003,Epilepsy,99,93
1385,1386,P1386-6302-1,Riya Master,1963-02-01,62,Male,B+,21.4,"H.No. 93, Singhal Zila",560009,Osteoporosis,67,9
1386,1387,P1387-9103-1,Nehmat Sethi,1991-03-13,34,Male,B-,25.5,"65/837, Cherian Zila",560029,Heart Disease,108,29
1387,1388,P1388-6512-1,Renee Ramesh,1965-12-02,59,Male,A+,25.3,"H.No. 450, Kibe Street",570002,Depression,106,72
1388,1389,P1389-6302-1,Sana Kaul,1963-02-14,62,Male,O+,24.3,"92
Balasubramanian Circle",560208,Epilepsy,96,49
1389,1390,P1390-9602-2,Khushi Desai,1996-02-24,29,Female,O+,23.3,"99, Badami Road",560026,Healthy,86,26
1390,1391,P1391-4409-1,Vivaan Kala,1944-09-10,80,Male,O+,24.4,"H.No. 02
Dutt Road",572002,Gout,97,92
1391,1392,P1392-6807-2,Ojas Kota,1968-07-03,57,Female,A+,29.3,"H.No. 467
Baria Road",571003,Epilepsy,146,83
1392,1393,P1393-5206-2,Kiara Gulati,1952-06-18,73,Female,B+,24.8,"518, Contractor Chowk",570006,Healthy,101,76
1393,1394,P1394-4506-2,Jayant Gokhale,1945-06-09,80,Female,B+,27.4,"67/629, Bir Marg",560015,Depression,127,15
1394,1395,P1395-0203-1,Dishani Guha,2002-03-29,23,Male,B-,21.9,"08, Basak Chowk",560108,Heart Disease,72,39
1395,1396,P1396-9109-2,Faiyaz Yogi,1991-09-29,33,Female,B+,23.3,"20/643
Ramaswamy Circle",571008,Healthy,86,88
1396,1397,P1397-5801-1,Vidur Ravel,1958-01-24,67,Male,B+,22.6,"58, Mannan Chowk",560022,Diabetes,79,22
1397,1398,P1398-8608-2,Divij Ganesan,1986-08-16,38,Female,O+,23.3,"H.No. 70, Kaur Marg",560202,Heart Disease,86,43
1398,1399,P1399-4711-1,Riaan Bora,1947-11-28,77,Male,A-,22.1,"56/183
Devan Zila",561008,Hypertension,74,58
1399,1400,P1400-9902-2,Biju Wagle,1999-02-05,26,Female,B+,24.5,"080
Kari Street",561004,Hypertension,98,54
1400,1401,P1401-5807-1,Anay Vaidya,1958-07-24,66,Male,O-,24.8,"25/86
Karpe Road",570001,Dementia,101,71
1401,1402,P1402-8406-1,Nirvi Rana,1984-06-20,41,Male,O+,25.1,"67/157
Soni Zila",571004,Epilepsy,104,84
1402,1403,P1403-5106-1,Yakshit Vig,1951-06-16,74,Male,O+,24.4,"H.No. 96, Sehgal Path",562003,Asthma,97,63
1403,1404,P1404-4009-2,Emir Sagar,1940-09-30,84,Female,B-,22.9,"04
Doctor Circle",560206,Diabetes,82,47
1404,1405,P1405-4310-2,Aradhya Iyer,1943-10-23,81,Female,B-,23.2,"03
Rajan Chowk",560003,Dementia,85,3
1405,1406,P1406-8606-1,Shray Bahri,1986-06-17,39,Male,O+,22.7,"H.No. 23
Sheth Ganj",572003,Healthy,80,93
1406,1407,P1407-7112-1,Kismat Krish,1971-12-31,53,Male,B-,24.5,"17/13
Kadakia Street",560012,Sleep Apnea,98,12
1407,1408,P1408-6702-2,Nayantara Doshi,1967-02-02,58,Female,B-,22.8,"H.No. 056
Shenoy Zila",560204,Heart Disease,81,45
1408,1409,P1409-5206-1,Divit Kumar,1952-06-10,73,Male,B+,23.9,"H.No. 347
Handa Chowk",560104,Depression,92,35
1409,1410,P1410-5608-2,Dishani Basak,1956-08-11,68,Female,A+,24.1,"H.No. 079, Amble Marg",562008,Diabetes,94,68
1410,1411,P1411-5204-2,Akarsh Kari,1952-04-20,73,Female,B+,22.4,"H.No. 02, Banik Chowk",560208,Hypertension,77,49
1411,1412,P1412-9703-2,Faiyaz Bains,1997-03-16,28,Female,A+,23.0,"956, Jain Circle",560011,Healthy,83,11
1412,1413,P1413-5101-2,Tiya Kant,1951-01-11,74,Female,AB+,24.7,"60
Bhatti Circle",570001,Diabetes,100,71
1413,1414,P1414-8503-2,Rhea Soman,1985-03-20,40,Female,O+,21.5,"79/15
Arya Chowk",560022,Gout,68,22
1414,1415,P1415-5301-1,Purab Kade,1953-01-30,72,Male,B+,24.7,"960, Lata Ganj",562001,Asthma,100,61
1415,1416,P1416-6007-2,Oorja Halder,1960-07-17,65,Female,O+,23.8,"56/558, Upadhyay",560028,Osteoporosis,91,28
1416,1417,P1417-6705-1,Dhanuk Ray,1967-05-28,58,Male,AB+,25.5,"62, Swamy Chowk",572006,Osteoporosis,108,96
1417,1418,P1418-5107-2,Stuvan Bansal,1951-07-17,74,Female,A+,24.3,"94, Bawa Road",560009,Hypertension,96,9
1418,1419,P1419-6902-1,Veer Issac,1969-02-13,56,Male,O+,23.5,"58/48, Subramanian Path",571007,Epilepsy,88,87
1419,1420,P1420-8111-1,Taimur Konda,1981-11-01,43,Male,A+,23.2,"23, Dhillon Road",572002,Dementia,85,92
1420,1421,P1421-8101-1,Samaira Mand,1981-01-08,44,Male,A-,25.3,"35/42, Bhattacharyya Nagar",560011,Epilepsy,106,11
1421,1422,P1422-6001-1,Sana Mani,1960-01-05,65,Male,AB+,23.4,"38/736
Raja Circle",570004,Gout,87,74
1422,1423,P1423-8011-2,Bhavin Brahmbhatt,1980-11-24,44,Female,O+,26.8,"H.No. 872
Varughese Ganj",560020,Dementia,121,20
1423,1424,P1424-6312-1,Khushi Buch,1963-12-05,61,Male,O-,21.9,"01
Vig Road",572004,Hypertension,72,94
1424,1425,P1425-6602-1,Shlok Kakar,1966-02-18,59,Male,A+,24.2,"H.No. 790, Brahmbhatt Marg",562010,Diabetes,95,70
1425,1426,P1426-5910-1,Seher Bhasin,1959-10-19,65,Male,A+,25.3,"651
Kant Marg",570004,Gout,106,74
1426,1427,P1427-8802-1,Kimaya Khatri,1988-02-14,37,Male,A+,23.3,"H.No. 71
Bumb Marg",570005,Dementia,86,75
1427,1428,P1428-7312-1,Tara Swamy,1973-12-31,51,Male,B+,27.5,"96, Sarin Road",561010,Asthma,128,60
1428,1429,P1429-4611-1,Ranbir Dhillon,1946-11-21,78,Male,AB+,23.6,"90/29, Savant Chowk",560002,Dementia,89,2
1429,1430,P1430-9808-2,Saanvi Chacko,1998-08-17,26,Female,B+,22.8,"924, Garde Nagar",572007,Asthma,81,97
1430,1431,P1431-7605-2,Ehsaan Uppal,1976-05-03,49,Female,B+,23.2,"79/15, Bassi Road",560029,Dementia,85,29
1431,1432,P1432-7702-1,Mishti Lall,1977-02-13,48,Male,A+,25.8,"85, Randhawa Road",572004,Hypertension,111,94
1432,1433,P1433-6206-1,Uthkarsh Koshy,1962-06-27,63,Male,O+,25.1,"08
Bandi Nagar",571007,Depression,104,87
1433,1434,P1434-4502-2,Prisha Wadhwa,1945-02-03,80,Female,O+,27.1,"45/704
Golla Circle",562005,Epilepsy,124,65
1434,1435,P1435-9802-1,Kavya Kaur,1998-02-01,27,Male,O+,24.3,"19/32, Sahni Circle",560106,Dementia,96,37
1435,1436,P1436-9212-1,Aarush Chana,1992-12-26,32,Male,A+,26.9,"92/90
Ben Road",571008,Dementia,122,88
1436,1437,P1437-0001-2,Saanvi Deshpande,2000-01-20,25,Female,A-,24.6,"H.No. 657
Gour Marg",570010,Sleep Apnea,99,80
1437,1438,P1438-6610-1,Amani Bumb,1966-10-28,58,Male,A+,25.8,"57/63
Sarkar Marg",562003,Epilepsy,111,63
1438,1439,P1439-6510-2,Kabir Mander,1965-10-10,59,Female,B+,24.0,"09/690, Bali Street",560022,Healthy,93,22
1439,1440,P1440-5810-2,Azad Acharya,1958-10-15,66,Female,A-,26.3,"70/14, Wali Chowk",560101,Sleep Apnea,116,32
1440,1441,P1441-7907-2,Baiju Krishna,1979-07-03,46,Female,B-,22.2,"H.No. 43, Gera Road",570003,Asthma,75,73
1441,1442,P1442-6609-2,Ryan Kohli,1966-09-14,58,Female,A+,25.6,"102, Choudhury Ganj",562002,Dementia,109,62
1442,1443,P1443-6702-2,Anya Swamy,1967-02-01,58,Female,B+,21.6,"H.No. 68
Jayaraman Street",560208,Diabetes,69,49
1443,1444,P1444-4512-2,Nirvaan Choudhary,1945-12-16,79,Female,A-,21.7,"54, Baria Path",560026,Healthy,70,26
1444,1445,P1445-8907-2,Trisha Gala,1989-07-28,35,Female,B+,25.9,"49/450, Dhillon Road",572009,Healthy,112,99
1445,1446,P1446-6505-1,Shlok Ratti,1965-05-10,60,Male,A+,24.6,"H.No. 52
Mani Nagar",560009,Sleep Apnea,99,9
1446,1447,P1447-5807-2,Priyansh Din,1958-07-23,66,Female,O-,26.4,"34/37, Varma Zila",560016,Gout,117,16
1447,1448,P1448-0510-2,Kartik Rama,2005-10-01,19,Female,O+,23.5,"69/370, Sarkar Chowk",560020,Hypertension,88,20
1448,1449,P1449-6701-2,Pihu Batra,1967-01-19,58,Female,B-,23.8,"87/25, Kala Circle",561010,Healthy,91,60
1449,1450,P1450-9009-1,Priyansh Mangal,1990-09-27,34,Male,O+,22.0,"47
Kata Path",560003,Epilepsy,73,3
1450,1451,P1451-9212-1,Indranil Dhar,1992-12-17,32,Male,B+,23.0,"86
Ramanathan Nagar",560028,Heart Disease,83,28
1451,1452,P1452-8806-1,Baiju Apte,1988-06-05,37,Male,O+,25.1,"05
Badal Nagar",560024,Hypertension,104,24
1452,1453,P1453-5901-2,Khushi Raj,1959-01-22,66,Female,O+,25.1,"891, Gopal Nagar",570003,Healthy,104,73
1453,1454,P1454-5502-1,Lagan Dyal,1955-02-11,70,Male,A+,23.7,"37
Rege Road",560017,Hypertension,90,17
1454,1455,P1455-8805-2,Divij Mangat,1988-05-27,37,Female,O+,21.9,"H.No. 07
Comar",562010,Diabetes,72,70
1455,1456,P1456-4304-2,Inaaya  Bhardwaj,1943-04-11,82,Female,O-,23.8,"81/94, Salvi Nagar",571002,Osteoporosis,91,82
1456,1457,P1457-6203-1,Samiha Vyas,1962-03-08,63,Male,O+,28.9,"088, Sharma Path",560007,Osteoporosis,142,7
1457,1458,P1458-6107-2,Keya Dada,1961-07-03,64,Female,O+,23.8,"H.No. 896, Wason Ganj",560105,Heart Disease,91,36
1458,1459,P1459-7908-1,Azad Bedi,1979-08-25,45,Male,A+,24.1,"H.No. 745
Chander Nagar",560014,Gout,94,14
1459,1460,P1460-9601-1,Hunar Handa,1996-01-31,29,Male,A-,23.2,"H.No. 468
Batta Zila",561002,Healthy,85,52
1460,1461,P1461-7410-1,Nirvaan Venkataraman,1974-10-05,50,Male,B-,25.0,"22/65
Lal Circle",561002,Osteoporosis,103,52
1461,1462,P1462-6602-2,Piya Chhabra,1966-02-20,59,Female,O+,24.4,"H.No. 55
Tara Circle",562003,Depression,97,63
1462,1463,P1463-9401-1,Prerak Ganguly,1994-01-09,31,Male,A-,25.8,"93/21
Bhavsar",560011,Diabetes,111,11
1463,1464,P1464-4304-1,Urvi Chatterjee,1943-04-10,82,Male,A+,23.5,"56
Krishna Zila",561006,Osteoporosis,88,56
1464,1465,P1465-4207-2,Seher Sachdeva,1942-07-08,83,Female,O+,26.0,"68/219, Chauhan",572008,Dementia,113,98
1465,1466,P1466-7107-2,Priyansh Kale,1971-07-02,54,Female,B-,23.4,"H.No. 91
Bhatnagar Marg",571010,Diabetes,87,90
1466,1467,P1467-7206-1,Madhup Mani,1972-06-27,53,Male,B+,24.9,"47/64
Rajan Street",562007,Osteoporosis,102,67
1467,1468,P1468-6910-1,Priyansh Deo,1969-10-11,55,Male,B-,23.3,"71, Chaudry Street",572009,Healthy,86,99
1468,1469,P1469-7712-1,Hazel Chaudhari,1977-12-18,47,Male,O+,24.2,"89/25, Kuruvilla Path",561008,Depression,95,58
1469,1470,P1470-8811-1,Tarini Wason,1988-11-28,36,Male,B-,24.1,"053, Bhakta Ganj",571007,Epilepsy,94,87
1470,1471,P1471-5811-2,Nishith Kalita,1958-11-01,66,Female,O+,25.5,"472, Bath Zila",562010,Dementia,108,70
1471,1472,P1472-9101-2,Hridaan Joshi,1991-01-04,34,Female,B+,24.2,"08/398
Krishna",560100,Hypertension,95,31
1472,1473,P1473-4611-1,Ivana Saha,1946-11-28,78,Male,B+,25.4,"51/82, Ramakrishnan Circle",560013,Depression,107,13
1473,1474,P1474-4009-2,Mehul Chaudhari,1940-09-26,84,Female,B+,26.2,"H.No. 543, Srinivasan Marg",560005,Asthma,115,5
1474,1475,P1475-9809-1,Uthkarsh Thaker,1998-09-14,26,Male,A+,25.3,"H.No. 07
Madan Path",571009,Osteoporosis,106,89
1475,1476,P1476-5311-1,Anika Mane,1953-11-24,71,Male,A-,28.5,"H.No. 451
Varma Ganj",560021,Asthma,138,21
1476,1477,P1477-8509-2,Neelofar Dada,1985-09-02,39,Female,O-,24.4,"H.No. 27
D’Alia Nagar",560003,Epilepsy,97,3
1477,1478,P1478-7907-1,Lakshay Kalla,1979-07-10,46,Male,A+,25.2,"H.No. 53, Batta",560201,Hypertension,105,42
1478,1479,P1479-9008-2,Devansh Dalal,1990-08-20,34,Female,A+,22.9,"279
Bakshi Street",571001,Healthy,82,81
1479,1480,P1480-7711-2,Hansh Raman,1977-11-22,47,Female,A+,23.8,"40/924
Aggarwal Chowk",570005,Sleep Apnea,91,75
1480,1481,P1481-8007-2,Nitya Sarma,1980-07-12,45,Female,B+,24.6,"59/977
Krishnan Ganj",560021,Dementia,99,21
1481,1482,P1482-6707-1,Anay Soman,1967-07-13,58,Male,O-,25.7,"69
Deep Marg",560010,Heart Disease,110,10
1482,1483,P1483-9705-1,Nehmat Garde,1997-05-09,28,Male,A+,24.4,"H.No. 62
Tata Nagar",562007,Diabetes,97,67
1483,1484,P1484-6910-1,Dishani Sibal,1969-10-24,55,Male,AB+,25.3,"H.No. 470
Varma",571006,Healthy,106,86
1484,1485,P1485-5612-2,Biju Hari,1956-12-31,68,Female,B+,24.5,"H.No. 69
Sharaf Road",560027,Dementia,98,27
1485,1486,P1486-8102-1,Umang Maharaj,1981-02-26,44,Male,O+,24.0,"H.No. 617
Maharaj Nagar",560013,Healthy,93,13
1486,1487,P1487-9608-2,Vedika Kulkarni,1996-08-21,28,Female,A+,19.4,"32/128, Chander Zila",560011,Sleep Apnea,47,11
1487,1488,P1488-6809-2,Drishya Varty,1968-09-30,56,Female,B+,23.8,"01/214, Dar Zila",560101,Dementia,91,32
1488,1489,P1489-8110-1,Sana Doctor,1981-10-13,43,Male,A+,23.0,"85/921
Kar Ganj",562004,Diabetes,83,64
1489,1490,P1490-9905-2,Vanya Ramesh,1999-05-06,26,Female,O+,25.4,"62, Varghese Road",560109,Sleep Apnea,107,40
1490,1491,P1491-6410-1,Ehsaan Cheema,1964-10-19,60,Male,AB+,20.4,"15/13
Sandhu Marg",560208,Epilepsy,57,49
1491,1492,P1492-5810-1,Ishita Ramanathan,1958-10-08,66,Male,A+,23.2,"87/458, Kumer",561001,Depression,85,51
1492,1493,P1493-9607-2,Mishti Soni,1996-07-10,28,Female,O-,27.6,"069
Chahal Street",560024,Dementia,129,24
1493,1494,P1494-8108-2,Advik Sagar,1981-08-07,43,Female,B+,25.0,"H.No. 934, Talwar Chowk",570009,Diabetes,103,79
1494,1495,P1495-8702-2,Tejas Sharaf,1987-02-21,38,Female,O+,23.5,"075, Sagar Road",562003,Healthy,88,63
1495,1496,P1496-7812-2,Aarna Walla,1978-12-03,46,Female,O+,22.2,"H.No. 839
Dave Ganj",561006,Osteoporosis,75,56
1496,1497,P1497-6509-2,Prerak Kalla,1965-09-05,59,Female,B+,25.3,"H.No. 77
Chadha Ganj",560010,Sleep Apnea,106,10
1497,1498,P1498-8702-2,Manjari Balan,1987-02-03,38,Female,B+,24.1,"H.No. 15, Dutt Circle",570005,Hypertension,94,75
1498,1499,P1499-5301-2,Gokul Saha,1953-01-02,72,Female,A+,21.5,"066, Bir Zila",561003,Healthy,68,53
1499,1500,P1500-7305-1,Prisha Lal,1973-05-14,52,Male,O+,23.8,"92
Sarin Chowk",560027,Asthma,91,27
1500,1501,P1501-7707-2,Tarini Rana,1977-07-21,47,Female,O+,20.4,"78
Tella",570001,Sleep Apnea,57,71
1501,1502,P1502-6210-1,Nishith Kant,1962-10-17,62,Male,B-,26.5,"98/88, Venkatesh Marg",572006,Healthy,118,96
1502,1503,P1503-7810-1,Seher Salvi,1978-10-20,46,Male,O+,23.5,"82/00, Kapur Road",570009,Depression,88,79
1503,1504,P1504-5806-1,Ela Varghese,1958-06-15,67,Male,O+,26.0,"620
Shan Ganj",570006,Gout,113,76
1504,1505,P1505-0004-1,Anahi Kuruvilla,2000-04-23,25,Male,O+,21.8,"34/22, Gandhi Road",560201,Gout,71,42
1505,1506,P1506-5304-1,Devansh Bora,1953-04-25,72,Male,O+,24.0,"65, Doshi Ganj",561004,Asthma,93,54
1506,1507,P1507-7812-2,Abram Khatri,1978-12-10,46,Female,O+,24.0,"H.No. 72
Sami Chowk",561004,Dementia,93,54
1507,1508,P1508-8608-2,Manjari Cheema,1986-08-15,38,Female,O+,24.6,"685
Cherian Circle",560004,Diabetes,99,4
1508,1509,P1509-5201-2,Shamik Lanka,1952-01-08,73,Female,A+,25.4,"93, Bhatia Street",571001,Asthma,107,81
1509,1510,P1510-9104-2,Veer Bassi,1991-04-15,34,Female,A+,22.6,"632
Gopal Ganj",560015,Healthy,79,15
1510,1511,P1511-4812-1,Dharmajan Bhakta,1948-12-29,76,Male,B+,24.5,"59
Shere",570003,Sleep Apnea,98,73
1511,1512,P1512-4102-2,Hridaan Dube,1941-02-27,84,Female,O+,21.2,"H.No. 56, Gour Road",560024,Osteoporosis,65,24
1512,1513,P1513-7307-1,Neelofar Mani,1973-07-27,51,Male,A+,23.6,"340, Dasgupta Marg",570010,Depression,89,80
1513,1514,P1514-6411-2,Manikya Acharya,1964-11-24,60,Female,O+,26.3,"57/927, Thaman Street",562006,Epilepsy,116,66
1514,1515,P1515-8812-1,Divyansh Bahl,1988-12-14,36,Male,O+,21.9,"27
Bail Chowk",561009,Sleep Apnea,72,59
1515,1516,P1516-4108-2,Stuvan Master,1941-08-07,83,Female,O+,25.1,"H.No. 555
Date Nagar",570005,Depression,104,75
1516,1517,P1517-7809-2,Gokul Brar,1978-09-13,46,Female,O-,22.9,"52/98, Contractor Road",560206,Dementia,82,47
1517,1518,P1518-0003-1,Vihaan Sagar,2000-03-09,25,Male,AB+,23.7,"36/816
Chaudry Marg",560004,Hypertension,90,4
1518,1519,P1519-7205-1,Sumer Wable,1972-05-08,53,Male,O+,26.0,"78/39
Jani Street",570010,Gout,113,80
1519,1520,P1520-5010-1,Rasha Venkatesh,1950-10-26,74,Male,B+,20.3,"H.No. 699
Karnik Chowk",561002,Healthy,56,52
1520,1521,P1521-5112-2,Saira Srivastava,1951-12-18,73,Female,B+,24.1,"H.No. 457, Bhat",560028,Depression,94,28
1521,1522,P1522-4611-2,Urvi Luthra,1946-11-21,78,Female,O+,22.4,"H.No. 483, Lad Ganj",560208,Hypertension,77,49
1522,1523,P1523-4702-1,Sana Bandi,1947-02-08,78,Male,B-,23.0,"551, Ravi Zila",572010,Heart Disease,83,100
1523,1524,P1524-9712-2,Kashvi Ratta,1997-12-23,27,Female,O+,23.6,"50/58
Keer Nagar",561002,Hypertension,89,52
1524,1525,P1525-7306-1,Yakshit Dasgupta,1973-06-07,52,Male,AB+,25.0,"85, Dar Path",562001,Hypertension,103,61
1525,1526,P1526-6404-1,Yasmin Chana,1964-04-18,61,Male,B+,22.9,"481
Kibe",572001,Epilepsy,82,91
1526,1527,P1527-8101-2,Hrishita Halder,1981-01-08,44,Female,O+,22.9,"H.No. 19, Vohra Street",560018,Osteoporosis,82,18
1527,1528,P1528-0206-2,Nirvi Jayaraman,2002-06-09,23,Female,B+,25.8,"64/11
Anne Ganj",561009,Depression,111,59
1528,1529,P1529-9106-1,Zeeshan Rout,1991-06-21,34,Male,O+,26.0,"80/11, Venkatesh Road",560027,Healthy,113,27
1529,1530,P1530-8711-1,Seher Sha,1987-11-03,37,Male,O+,21.6,"295, Keer Zila",572002,Asthma,69,92
1530,1531,P1531-8010-2,Akarsh Sarkar,1980-10-09,44,Female,O-,26.7,"361
Uppal Ganj",560022,Osteoporosis,120,22
1531,1532,P1532-7006-2,Akarsh Shukla,1970-06-07,55,Female,O+,26.0,"H.No. 944, Kannan Street",560012,Diabetes,113,12
1532,1533,P1533-4412-2,Prerak Tata,1944-12-07,80,Female,O-,25.1,"69, Manda Road",570006,Depression,104,76
1533,1534,P1534-6702-1,Ryan Virk,1967-02-18,58,Male,O+,25.0,"278, Khalsa Ganj",571003,Dementia,103,83
1534,1535,P1535-9608-2,Jiya Sha,1996-08-07,28,Female,O+,20.8,"675, Bhasin Marg",561006,Hypertension,61,56
1535,1536,P1536-8502-2,Siya Baria,1985-02-25,40,Female,O+,21.6,"75, Talwar Road",571003,Gout,69,83
1536,1537,P1537-6208-2,Hrishita Bassi,1962-08-26,62,Female,O+,25.4,"H.No. 89
Dixit Road",570005,Diabetes,107,75
1537,1538,P1538-9410-2,Azad Ahuja,1994-10-30,30,Female,B+,24.6,"44/24, Wali Circle",562006,Epilepsy,99,66
1538,1539,P1539-9407-2,Vaibhav Kunda,1994-07-07,31,Female,B+,22.9,"H.No. 742, Tiwari Path",560004,Dementia,82,4
1539,1540,P1540-4901-1,Shaan Gokhale,1949-01-16,76,Male,O-,23.9,"06/545, Lala Street",572002,Healthy,92,92
1540,1541,P1541-4103-1,Shayak Desai,1941-03-07,84,Male,O-,22.0,"H.No. 03
Chaudhuri",560007,Sleep Apnea,73,7
1541,1542,P1542-4706-2,Inaaya  Shere,1947-06-27,78,Female,O+,26.0,"471, Roy Circle",562006,Osteoporosis,113,66
1542,1543,P1543-4104-1,Nehmat Rana,1941-04-25,84,Male,B-,23.7,"46/76, Banerjee",570008,Dementia,90,78
1543,1544,P1544-6508-2,Riaan Bali,1965-08-24,59,Female,A-,21.6,"032, Ghose Path",571009,Epilepsy,69,89
1544,1545,P1545-6509-2,Lakshay Vasa,1965-09-07,59,Female,A+,23.8,"H.No. 13, Char Zila",560026,Dementia,91,26
1545,1546,P1546-0003-2,Yasmin Rana,2000-03-18,25,Female,A+,24.2,"53
Apte Zila",560017,Dementia,95,17
1546,1547,P1547-7612-2,Himmat Arya,1976-12-02,48,Female,O+,23.2,"174, Sridhar Nagar",560002,Depression,85,2
1547,1548,P1548-5009-2,Uthkarsh Kar,1950-09-21,74,Female,AB-,23.3,"H.No. 281, Ramesh Zila",562007,Gout,86,67
1548,1549,P1549-0101-1,Riya Wali,2001-01-08,24,Male,O+,20.7,"22
Keer Nagar",561009,Dementia,60,59
1549,1550,P1550-6210-1,Dharmajan Kar,1962-10-16,62,Male,B+,24.1,"10/57, Singh Street",560030,Sleep Apnea,94,30
1550,1551,P1551-7707-2,Jhanvi Guha,1977-07-04,48,Female,O+,25.7,"15/76, Gill Zila",560200,Healthy,110,41
1551,1552,P1552-5504-1,Kismat Trivedi,1955-04-26,70,Male,AB+,22.6,"H.No. 16
Tara Ganj",572006,Healthy,79,96
1552,1553,P1553-8608-2,Ela Tara,1986-08-20,38,Female,AB+,24.4,"76/12, Dua Marg",560027,Dementia,97,27
1553,1554,P1554-6609-1,Divyansh Shan,1966-09-28,58,Male,O+,20.9,"28/20
Hegde Nagar",560201,Depression,62,42
1554,1555,P1555-5602-2,Fateh Ravi,1956-02-24,69,Female,A+,23.2,"951
Cherian Circle",561009,Heart Disease,85,59
1555,1556,P1556-7306-1,Jhanvi Chopra,1973-06-28,52,Male,B+,27.7,"H.No. 15
Doctor Path",560021,Diabetes,130,21
1556,1557,P1557-9512-2,Biju Iyengar,1995-12-29,29,Female,O+,26.2,"H.No. 12, Bhardwaj Ganj",560209,Epilepsy,115,50
1557,1558,P1558-9710-2,Indrans Bal,1997-10-18,27,Female,O+,22.7,"634
Khare Ganj",572004,Osteoporosis,80,94
1558,1559,P1559-6501-1,Nakul Gulati,1965-01-22,60,Male,O+,26.5,"79/452
Doctor Road",561010,Dementia,118,60
1559,1560,P1560-6212-1,Riaan Badal,1962-12-10,62,Male,A+,24.7,"22/485, Iyengar Circle",560027,Osteoporosis,100,27
1560,1561,P1561-8007-1,Pranay Rout,1980-07-12,45,Male,A-,25.6,"865, Srinivas Zila",570009,Heart Disease,109,79
1561,1562,P1562-5706-2,Sahil Shroff,1957-06-21,68,Female,O+,23.5,"59/781, Chana Nagar",560101,Epilepsy,88,32
1562,1563,P1563-4207-1,Anahi Gola,1942-07-24,82,Male,O+,19.5,"92
Atwal Circle",560201,Osteoporosis,48,42
1563,1564,P1564-4606-1,Lakshay Dhillon,1946-06-11,79,Male,B-,22.0,"53/699
Mander Nagar",560208,Hypertension,73,49
1564,1565,P1565-9405-2,Hiran Dhillon,1994-05-24,31,Female,O+,22.1,"H.No. 08
Bhalla",562008,Healthy,74,68
1565,1566,P1566-7907-2,Kimaya Khatri,1979-07-01,46,Female,A+,23.6,"H.No. 649, Sachar Path",560004,Heart Disease,89,4
1566,1567,P1567-8403-1,Anay Dhaliwal,1984-03-28,41,Male,O+,25.1,"46/432, Salvi Street",560019,Heart Disease,104,19
1567,1568,P1568-4604-2,Prerak Jaggi,1946-04-20,79,Female,B+,27.9,"H.No. 142, Bhavsar Ganj",560203,Healthy,132,44
1568,1569,P1569-5106-2,Arnav Shetty,1951-06-30,74,Female,AB+,24.5,"84/960
Raja Street",560002,Asthma,98,2
1569,1570,P1570-7411-2,Hazel Sagar,1974-11-18,50,Female,A-,25.3,"H.No. 315, Barad Path",560015,Dementia,106,15
1570,1571,P1571-7303-2,Amira Sarraf,1973-03-20,52,Female,A+,22.0,"H.No. 00
Sankaran Road",562002,Gout,73,62
1571,1572,P1572-6408-1,Nirvaan Bava,1964-08-08,60,Male,AB+,23.4,"23/579
Buch Path",561006,Healthy,87,56
1572,1573,P1573-5803-2,Miraan Gulati,1958-03-12,67,Female,O+,22.5,"45
Kadakia Nagar",560016,Asthma,78,16
1573,1574,P1574-7202-1,Dishani Vohra,1972-02-23,53,Male,A+,22.0,"58/07
Gulati Road",570007,Gout,73,77
1574,1575,P1575-8601-1,Ishita Randhawa,1986-01-22,39,Male,A+,19.5,"17/68, Grover Chowk",561003,Dementia,48,53
1575,1576,P1576-8101-2,Eva Salvi,1981-01-29,44,Female,O+,22.3,"40/84, Barman Zila",572010,Healthy,76,100
1576,1577,P1577-5512-1,Samiha Gaba,1955-12-22,69,Male,O+,20.6,"00
Dey Ganj",561003,Healthy,59,53
1577,1578,P1578-7106-1,Samarth Vyas,1971-06-28,54,Male,A+,23.9,"17
Bose",560010,Hypertension,92,10
1578,1579,P1579-7608-2,Taran Shanker,1976-08-06,48,Female,B+,28.1,"H.No. 56
Sandhu Circle",560016,Diabetes,134,16
1579,1580,P1580-5204-1,Arnav Bhakta,1952-04-16,73,Male,B+,21.2,"H.No. 438, Bhandari Nagar",560025,Depression,65,25
1580,1581,P1581-4711-1,Aarush Sarraf,1947-11-27,77,Male,B+,26.1,"137, Hora Chowk",570006,Asthma,114,76
1581,1582,P1582-4906-1,Aarav Tailor,1949-06-12,76,Male,B+,25.8,"H.No. 23
Shah Ganj",560208,Heart Disease,111,49
1582,1583,P1583-5608-2,Anika Mahajan,1956-08-15,68,Female,AB+,22.0,"16/912, Zacharia Ganj",560012,Diabetes,73,12
1583,1584,P1584-4205-2,Ahana  Malhotra,1942-05-11,83,Female,O+,25.2,"H.No. 29, Anand Marg",560206,Asthma,105,47
1584,1585,P1585-5507-2,Anay Baria,1955-07-04,70,Female,A+,21.7,"21/878, Madan Street",560006,Osteoporosis,70,6
1585,1586,P1586-0507-2,Indrans Dada,2005-07-22,19,Female,B+,23.5,"H.No. 04, Doctor Ganj",562002,Hypertension,88,62
1586,1587,P1587-6503-2,Nitya Mane,1965-03-29,60,Female,O+,23.8,"H.No. 199, Lanka Road",560205,Hypertension,91,46
1587,1588,P1588-9905-1,Parinaaz Badami,1999-05-07,26,Male,A+,21.2,"01/017
Jaggi",560029,Dementia,65,29
1588,1589,P1589-7312-1,Onkar Tara,1973-12-12,51,Male,A+,20.9,"31, Grover Street",560024,Gout,62,24
1589,1590,P1590-5112-2,Prisha Seth,1951-12-26,73,Female,B+,23.2,"061, Dugar Ganj",561009,Hypertension,85,59
1590,1591,P1591-8408-1,Sumer Aggarwal,1984-08-24,40,Male,O+,24.1,"62
Ratti Chowk",560018,Heart Disease,94,18
1591,1592,P1592-5811-1,Anaya Walla,1958-11-02,66,Male,A-,23.8,"H.No. 47, Sheth",570007,Osteoporosis,91,77
1592,1593,P1593-5207-1,Dishani Rajan,1952-07-23,72,Male,O-,24.4,"560, Mangal",570002,Diabetes,97,72
1593,1594,P1594-7807-1,Bhamini Buch,1978-07-31,46,Male,B+,21.0,"57/787, Joshi Ganj",562006,Dementia,63,66
1594,1595,P1595-8405-2,Chirag Setty,1984-05-22,41,Female,O+,23.7,"88
Subramanian Chowk",560020,Diabetes,90,20
1595,1596,P1596-7001-2,Yasmin Johal,1970-01-13,55,Female,A-,25.0,"H.No. 929, Sarna Street",572004,Dementia,103,94
1596,1597,P1597-8008-2,Vanya Raval,1980-08-18,44,Female,O+,23.0,"615, Ranganathan Road",562007,Healthy,83,67
1597,1598,P1598-4908-1,Heer Buch,1949-08-06,75,Male,B+,26.5,"H.No. 546, Bhagat Path",562010,Asthma,118,70
1598,1599,P1599-6111-2,Inaaya  Dave,1961-11-11,63,Female,B+,23.5,"45/165, Date Zila",560200,Osteoporosis,88,41
1599,1600,P1600-8509-2,Nishith Ganguly,1985-09-04,39,Female,A-,22.1,"90, Doshi Road",560005,Epilepsy,74,5
1600,1601,P1601-7812-2,Bhavin Bora,1978-12-28,46,Female,O+,27.0,"71/981, Magar Path",560018,Heart Disease,123,18
1601,1602,P1602-5508-2,Kiaan Ganesan,1955-08-23,69,Female,O+,24.0,"38, Chokshi",562002,Depression,93,62
1602,1603,P1603-0303-2,Ehsaan Kari,2003-03-26,22,Female,O+,22.3,"33/842, Ramesh Path",560007,Dementia,76,7
1603,1604,P1604-8206-2,Anahita Tailor,1982-06-25,43,Female,B+,23.3,"H.No. 10, Venkatesh Path",571004,Gout,86,84
1604,1605,P1605-7404-2,Tushar Mann,1974-04-21,51,Female,O+,23.8,"06/016
Apte Road",560012,Dementia,91,12
1605,1606,P1606-4404-1,Aayush Chandra,1944-04-12,81,Male,AB+,19.8,"35
Sridhar Ganj",560021,Asthma,51,21
1606,1607,P1607-7605-2,Aniruddh Grewal,1976-05-30,49,Female,A+,22.0,"134, Yadav Circle",560001,Heart Disease,73,1
1607,1608,P1608-4801-2,Ira Tailor,1948-01-26,77,Female,A-,25.8,"H.No. 18, Mall Circle",572003,Hypertension,111,93
1608,1609,P1609-6304-2,Vritika Bansal,1963-04-11,62,Female,B-,26.5,"716, Ravel Circle",560014,Gout,118,14
1609,1610,P1610-6307-2,Jivin Dani,1963-07-24,61,Female,B+,27.9,"03, Bhatnagar",562003,Sleep Apnea,132,63
1610,1611,P1611-5010-2,Kiaan Chakrabarti,1950-10-14,74,Female,O+,24.4,"H.No. 602
Bhasin Nagar",560104,Hypertension,97,35
1611,1612,P1612-4401-1,Vardaniya Mander,1944-01-21,81,Male,B+,23.8,"27/46, Sarraf Street",560012,Epilepsy,91,12
1612,1613,P1613-5909-1,Vivaan Sama,1959-09-07,65,Male,A-,27.0,"991
Mangal Path",561002,Osteoporosis,123,52
1613,1614,P1614-8108-2,Oorja Bumb,1981-08-13,43,Female,O-,29.5,"35, Yogi Zila",572002,Osteoporosis,148,92
1614,1615,P1615-0012-1,Chirag Kapadia,2000-12-21,24,Male,B+,22.8,"539
Chanda Marg",571002,Osteoporosis,81,82
1615,1616,P1616-9704-1,Rania Chhabra,1997-04-25,28,Male,O-,21.8,"066
Srinivasan Marg",572010,Hypertension,71,100
1616,1617,P1617-6903-2,Eva Seth,1969-03-26,56,Female,A+,22.9,"45
Shukla",561003,Osteoporosis,82,53
1617,1618,P1618-7302-2,Madhup Rana,1973-02-04,52,Female,B-,21.4,"14/00
Choudhry Road",560019,Heart Disease,67,19
1618,1619,P1619-7012-2,Hazel Bedi,1970-12-15,54,Female,O+,26.5,"22/565
Kothari Marg",570002,Diabetes,118,72
1619,1620,P1620-6504-1,Indrans Ganesan,1965-04-10,60,Male,A+,25.2,"H.No. 613
Mahajan Ganj",562007,Diabetes,105,67
1620,1621,P1621-9104-2,Jayesh Batta,1991-04-26,34,Female,A-,22.3,"71/240, Buch Path",560016,Heart Disease,76,16
1621,1622,P1622-4003-1,Armaan Ghosh,1940-03-12,85,Male,B+,25.8,"95/21
Bhatia Nagar",560008,Asthma,111,8
1622,1623,P1623-8603-2,Tushar Shere,1986-03-12,39,Female,A+,25.3,"H.No. 112
Raman Ganj",560011,Depression,106,11
1623,1624,P1624-4904-1,Taimur Agrawal,1949-04-22,76,Male,A+,24.4,"90/74
Bhargava Street",562007,Hypertension,97,67
1624,1625,P1625-7106-2,Devansh Zacharia,1971-06-09,54,Female,AB+,22.6,"H.No. 741
Bhavsar Marg",560021,Epilepsy,79,21
1625,1626,P1626-9903-2,Arhaan Garde,1999-03-31,26,Female,A-,25.3,"15
Bhandari Path",572007,Epilepsy,106,97
1626,1627,P1627-9511-2,Ehsaan Bath,1995-11-17,29,Female,AB+,28.0,"H.No. 773
Zacharia Chowk",560206,Osteoporosis,133,47
1627,1628,P1628-6106-2,Kartik Jayaraman,1961-06-04,64,Female,O+,22.5,"21/95, Trivedi Nagar",571009,Gout,78,89
1628,1629,P1629-5301-2,Jivin Dey,1953-01-05,72,Female,B+,25.4,"40/999
Kurian Street",570010,Depression,107,80
1629,1630,P1630-8604-1,Samar Devan,1986-04-27,39,Male,AB+,21.1,"30/26, Ram Nagar",560004,Diabetes,64,4
1630,1631,P1631-9002-2,Tanya Bhalla,1990-02-14,35,Female,B+,25.2,"10/336
Vasa Road",561003,Asthma,105,53
1631,1632,P1632-4405-2,Prerak Thaman,1944-05-30,81,Female,O+,23.0,"H.No. 218, Tripathi Street",560004,Depression,83,4
1632,1633,P1633-5712-1,Aaryahi Sarraf,1957-12-21,67,Male,A+,25.0,"H.No. 83, Grover Ganj",570008,Healthy,103,78
1633,1634,P1634-9308-1,Mamooty Choudhury,1993-08-10,31,Male,O+,25.6,"50
Kari Circle",561009,Osteoporosis,109,59
1634,1635,P1635-9501-2,Prerak Sachdev,1995-01-27,30,Female,O+,22.1,"18/761
Anne Chowk",570008,Epilepsy,74,78
1635,1636,P1636-8204-1,Samar Majumdar,1982-04-18,43,Male,O+,21.8,"958, Sama",560027,Depression,71,27
1636,1637,P1637-4208-2,Mahika Dar,1942-08-10,82,Female,A+,23.1,"H.No. 20, Sachdeva Nagar",561009,Epilepsy,84,59
1637,1638,P1638-4311-2,Suhana Sangha,1943-11-08,81,Female,A+,25.9,"261
Mahal Path",560006,Osteoporosis,112,6
1638,1639,P1639-8309-2,Aarav Sahni,1983-09-24,41,Female,O+,23.5,"H.No. 775, Saini Zila",572002,Gout,88,92
1639,1640,P1640-5402-2,Saanvi Devi,1954-02-26,71,Female,O-,26.1,"73
Kala Street",560011,Gout,114,11
1640,1641,P1641-4807-2,Sumer Chana,1948-07-25,76,Female,A+,25.4,"76/87, Gala Nagar",570001,Hypertension,107,71
1641,1642,P1642-4909-2,Lakshay Sur,1949-09-05,75,Female,B+,25.8,"727
Kari Zila",562009,Hypertension,111,69
1642,1643,P1643-9704-2,Bhavin Tandon,1997-04-01,28,Female,A-,23.6,"H.No. 335, Gara Road",560018,Osteoporosis,89,18
1643,1644,P1644-9008-1,Nakul Chahal,1990-08-01,34,Male,A+,25.1,"H.No. 739, Sarna Zila",560014,Depression,104,14
1644,1645,P1645-7003-1,Navya Sawhney,1970-03-09,55,Male,A+,20.6,"H.No. 568
Tara Ganj",561002,Asthma,59,52
1645,1646,P1646-8206-1,Ritvik Kakar,1982-06-13,43,Male,B-,25.0,"168
Bhargava",560028,Asthma,103,28
1646,1647,P1647-0106-1,Mahika Sachar,2001-06-01,24,Male,AB+,24.9,"H.No. 465
Sodhi Chowk",562004,Osteoporosis,102,64
1647,1648,P1648-5408-1,Dishani Swamy,1954-08-23,70,Male,A+,20.8,"H.No. 955
Sura Road",570007,Dementia,61,77
1648,1649,P1649-7601-2,Charvi Cherian,1976-01-19,49,Female,A+,28.2,"H.No. 21, Sami Nagar",560011,Sleep Apnea,135,11
1649,1650,P1650-9909-1,Vanya Wagle,1999-09-24,25,Male,A+,24.6,"33, Sabharwal Chowk",570002,Heart Disease,99,72
1650,1651,P1651-9404-2,Prisha Subramanian,1994-04-04,31,Female,O+,20.1,"H.No. 274
Saha Ganj",560007,Hypertension,54,7
1651,1652,P1652-0405-1,Shray Ravel,2004-05-13,21,Male,O+,22.1,"05/22, Bhargava",560101,Sleep Apnea,74,32
1652,1653,P1653-0505-1,Ehsaan Khosla,2005-05-17,20,Male,O+,26.0,"H.No. 314
Samra Circle",560023,Hypertension,113,23
1653,1654,P1654-7602-1,Lakshay Sachdev,1976-02-29,49,Male,A-,19.6,"36/39
Suresh Zila",560200,Dementia,49,41
1654,1655,P1655-9107-2,Madhup Hora,1991-07-31,33,Female,O+,23.8,"H.No. 031, Dugal Street",560018,Dementia,91,18
1655,1656,P1656-7603-2,Jhanvi Barman,1976-03-05,49,Female,AB+,20.6,"H.No. 742
Som Circle",561010,Dementia,59,60
1656,1657,P1657-9710-2,Vaibhav Balakrishnan,1997-10-14,27,Female,O+,22.8,"H.No. 338
Konda Nagar",561009,Diabetes,81,59
1657,1658,P1658-5206-1,Samiha Kar,1952-06-08,73,Male,O+,21.7,"H.No. 667, Singhal Road",560108,Sleep Apnea,70,39
1658,1659,P1659-0212-1,Shayak Dhingra,2002-12-17,22,Male,A+,24.1,"244, Lala Circle",562002,Dementia,94,62
1659,1660,P1660-7510-1,Dhruv Bava,1975-10-15,49,Male,A+,21.2,"162, Mani Nagar",562005,Epilepsy,65,65
1660,1661,P1661-4504-1,Aarna Shenoy,1945-04-27,80,Male,A+,24.9,"H.No. 36
Brahmbhatt Ganj",560027,Hypertension,102,27
1661,1662,P1662-4207-2,Amira Sachdeva,1942-07-26,82,Female,A+,24.2,"53
Chhabra Path",562004,Depression,95,64
1662,1663,P1663-5809-1,Manjari Varty,1958-09-30,66,Male,B+,24.7,"H.No. 96, Varghese Marg",560016,Diabetes,100,16
1663,1664,P1664-8104-1,Zaina Dutta,1981-04-14,44,Male,O-,28.7,"49/981, Kade Circle",572004,Dementia,140,94
1664,1665,P1665-6609-1,Emir Gokhale,1966-09-25,58,Male,AB+,24.3,"H.No. 186, Sabharwal Marg",570010,Dementia,96,80
1665,1666,P1666-4102-2,Dhanush Joshi,1941-02-07,84,Female,O+,23.5,"11/34, Sarkar Zila",560030,Depression,88,30
1666,1667,P1667-5911-1,Kimaya Bhavsar,1959-11-13,65,Male,B+,22.2,"79/482, Doshi Ganj",571008,Hypertension,75,88
1667,1668,P1668-4207-2,Azad Sharma,1942-07-15,83,Female,B+,25.7,"30/752
Rastogi Circle",560023,Hypertension,110,23
1668,1669,P1669-7509-2,Rania Bal,1975-09-22,49,Female,O+,26.3,"54, Banerjee Road",560005,Heart Disease,116,5
1669,1670,P1670-6204-1,Sumer Bhat,1962-04-20,63,Male,O+,23.6,"124, Sehgal Circle",560003,Gout,89,3
1670,1671,P1671-5211-2,Bhamini Krishnamurthy,1952-11-09,72,Female,B-,28.1,"H.No. 787
Chadha Ganj",560108,Osteoporosis,134,39
1671,1672,P1672-9107-1,Urvi Saha,1991-07-22,33,Male,A+,24.1,"H.No. 801
Reddy Nagar",571008,Sleep Apnea,94,88
1672,1673,P1673-7708-2,Vanya Halder,1977-08-21,47,Female,O+,25.2,"H.No. 541
Ram Nagar",560010,Diabetes,105,10
1673,1674,P1674-9103-1,Madhup Johal,1991-03-31,34,Male,B+,25.2,"36, Sood Zila",560209,Diabetes,105,50
1674,1675,P1675-9204-1,Alisha Choudhary,1992-04-08,33,Male,O-,24.1,"09/17, Rastogi Path",570003,Healthy,94,73
1675,1676,P1676-9504-2,Hiran Gour,1995-04-08,30,Female,O+,28.1,"925, Dyal Path",561009,Diabetes,134,59
1676,1677,P1677-4006-2,Sara Das,1940-06-12,85,Female,B+,26.9,"32/907, Chaudhary",560025,Epilepsy,122,25
1677,1678,P1678-9510-1,Anahi Dhar,1995-10-30,29,Male,O+,21.8,"37, Ratta Path",571010,Dementia,71,90
1678,1679,P1679-5206-1,Yasmin Rama,1952-06-21,73,Male,B-,19.1,"H.No. 103, Raval Chowk",561003,Asthma,44,53
1679,1680,P1680-7408-1,Adah Madan,1974-08-22,50,Male,O+,25.6,"29, Kannan Road",561010,Epilepsy,109,60
1680,1681,P1681-9304-1,Dhanush Roy,1993-04-04,32,Male,O+,23.3,"60
Goda Circle",560022,Hypertension,86,22
1681,1682,P1682-6306-2,Chirag Thakkar,1963-06-02,62,Female,O+,23.1,"68, Lata Chowk",560013,Osteoporosis,84,13
1682,1683,P1683-4402-2,Taran Sharaf,1944-02-20,81,Female,O+,24.1,"74/25, Varghese Chowk",571006,Dementia,94,86
1683,1684,P1684-7810-2,Urvi Kumer,1978-10-26,46,Female,B+,24.2,"H.No. 516
Sarna Ganj",560026,Asthma,95,26
1684,1685,P1685-6701-1,Abram Lala,1967-01-26,58,Male,B-,22.8,"344, Korpal Ganj",560001,Dementia,81,1
1685,1686,P1686-4504-1,Hansh Dutta,1945-04-30,80,Male,AB+,23.0,"H.No. 30, Agarwal",562001,Healthy,83,61
1686,1687,P1687-0202-2,Divij Sura,2002-02-06,23,Female,B+,20.7,"H.No. 844
Jaggi Nagar",571006,Depression,60,86
1687,1688,P1688-6705-1,Dhanush Bakshi,1967-05-29,58,Male,O-,21.4,"H.No. 91, Chaudhry Zila",562010,Depression,67,70
1688,1689,P1689-5911-2,Dhanush Sha,1959-11-16,65,Female,B+,25.8,"68/871
Bassi Path",560027,Epilepsy,111,27
1689,1690,P1690-6906-1,Tiya Din,1969-06-01,56,Male,B+,22.2,"16
Din Chowk",572009,Hypertension,75,99
1690,1691,P1691-4210-1,Ranbir Dash,1942-10-28,82,Male,O+,25.2,"085
Tailor Chowk",560011,Epilepsy,105,11
1691,1692,P1692-6604-2,Shalv Lanka,1966-04-16,59,Female,B+,25.8,"H.No. 217, Varughese Path",570004,Diabetes,111,74
1692,1693,P1693-9501-2,Hazel Bail,1995-01-23,30,Female,O+,25.4,"26/767, Kannan Path",572009,Sleep Apnea,107,99
1693,1694,P1694-4210-2,Anaya Sant,1942-10-08,82,Female,O-,26.2,"13/75
Karpe Ganj",560010,Sleep Apnea,115,10
1694,1695,P1695-7704-1,Nitya Rout,1977-04-14,48,Male,AB+,25.1,"H.No. 85, Dara Path",562002,Healthy,104,62
1695,1696,P1696-8503-1,Abram Deep,1985-03-30,40,Male,B+,25.3,"989, Jayaraman Zila",572007,Osteoporosis,106,97
1696,1697,P1697-5002-1,Nayantara Sachdeva,1950-02-08,75,Male,A+,26.3,"51, Deol Street",560201,Diabetes,116,42
1697,1698,P1698-6707-1,Shayak Hora,1967-07-13,58,Male,B+,24.2,"37
Apte Path",562009,Healthy,95,69
1698,1699,P1699-4003-2,Pari Varghese,1940-03-20,85,Female,O+,23.8,"30
Vig Street",571007,Healthy,91,87
1699,1700,P1700-6204-2,Drishya Kannan,1962-04-01,63,Female,B+,23.2,"H.No. 513
Ramachandran Path",571008,Healthy,85,88
1700,1701,P1701-9202-2,Alisha Sane,1992-02-20,33,Female,O+,23.9,"41
Bail",571002,Heart Disease,92,82
1701,1702,P1702-8012-1,Oorja Walia,1980-12-29,44,Male,O-,23.1,"79
Chacko Circle",560207,Depression,84,48
1702,1703,P1703-6412-1,Vedika Ravi,1964-12-10,60,Male,O-,22.2,"H.No. 92, Hans Path",560026,Gout,75,26
1703,1704,P1704-9312-1,Sana Suresh,1993-12-02,31,Male,A+,20.0,"01/039
Mannan Nagar",571003,Asthma,53,83
1704,1705,P1705-8809-1,Siya Wali,1988-09-05,36,Male,B+,23.1,"H.No. 93, Goyal Path",560015,Asthma,84,15
1705,1706,P1706-9509-2,Yuvraj  Gera,1995-09-26,29,Female,B-,22.2,"865
Saha Road",560009,Epilepsy,75,9
1706,1707,P1707-4901-2,Ranbir Gill,1949-01-06,76,Female,O+,22.3,"42, Sachar Nagar",572003,Epilepsy,76,93
1707,1708,P1708-7204-2,Misha Sura,1972-04-24,53,Female,A+,22.9,"18/26, Mandal Road",570001,Sleep Apnea,82,71
1708,1709,P1709-0502-1,Advika Bakshi,2005-02-07,20,Male,A+,25.3,"77, Dora Path",571003,Asthma,106,83
1709,1710,P1710-5006-1,Sahil Ratti,1950-06-25,75,Male,A-,23.7,"73/39, Batta Ganj",560100,Diabetes,90,31
1710,1711,P1711-8206-2,Rohan Andra,1982-06-04,43,Female,A+,22.0,"04/363, Warrior Nagar",572004,Hypertension,73,94
1711,1712,P1712-4110-1,Pranay Dugar,1941-10-06,83,Male,B+,24.1,"31/48
Kannan",560004,Diabetes,94,4
1712,1713,P1713-7106-1,Suhana Varkey,1971-06-07,54,Male,AB+,22.5,"87/063, Cheema Chowk",562002,Dementia,78,62
1713,1714,P1714-5610-2,Umang Varghese,1956-10-16,68,Female,A+,24.2,"H.No. 98, Thaman Street",570007,Diabetes,95,77
1714,1715,P1715-7104-1,Mishti Raval,1971-04-26,54,Male,B+,22.9,"193, Kadakia Circle",560018,Osteoporosis,82,18
1715,1716,P1716-5904-1,Kabir Bhakta,1959-04-23,66,Male,A+,23.0,"64/920, Roy Zila",562007,Hypertension,83,67
1716,1717,P1717-0210-2,Anya Chawla,2002-10-07,22,Female,O+,25.0,"707, Sawhney Street",570006,Depression,103,76
1717,1718,P1718-4302-2,Rohan Kumar,1943-02-19,82,Female,A+,22.9,"H.No. 996, Deshmukh Zila",560028,Depression,82,28
1718,1719,P1719-8806-1,Kimaya Rajan,1988-06-09,37,Male,O+,26.4,"81/748
Chahal Zila",572003,Asthma,117,93
1719,1720,P1720-8810-1,Raunak Dixit,1988-10-13,36,Male,B-,25.5,"10/67
Tandon Nagar",562009,Diabetes,108,69
1720,1721,P1721-9612-2,Dishani Kant,1996-12-03,28,Female,A+,22.2,"86/232
Kumar Street",560004,Asthma,75,4
1721,1722,P1722-4808-2,Shamik Mall,1948-08-06,76,Female,O+,27.3,"H.No. 695
Walla Marg",571009,Osteoporosis,126,89
1722,1723,P1723-4002-1,Sahil Chowdhury,1940-02-24,85,Male,A+,21.3,"H.No. 03
Khare Road",571009,Epilepsy,66,89
1723,1724,P1724-7912-1,Azad Rajan,1979-12-22,45,Male,AB+,25.8,"H.No. 345
Ranganathan Street",560107,Healthy,111,38
1724,1725,P1725-8605-1,Alia Date,1986-05-09,39,Male,O+,20.3,"16
Deo Path",560023,Sleep Apnea,56,23
1725,1726,P1726-8408-2,Oorja Dhingra,1984-08-13,40,Female,O+,27.1,"26/47, Atwal Nagar",560016,Dementia,124,16
1726,1727,P1727-5908-2,Sahil Kunda,1959-08-23,65,Female,AB+,26.4,"273, Verma",561002,Hypertension,117,52
1727,1728,P1728-0001-2,Jayesh Barad,2000-01-07,25,Female,O+,24.5,"43/24, Bhatti",560101,Osteoporosis,98,32
1728,1729,P1729-9705-1,Lagan Vaidya,1997-05-12,28,Male,A+,28.7,"H.No. 144
Golla Chowk",560202,Gout,140,43
1729,1730,P1730-4707-2,Divit Bhatti,1947-07-29,77,Female,O+,23.2,"247
Lata Road",562007,Epilepsy,85,67
1730,1731,P1731-6003-1,Aniruddh Dubey,1960-03-30,65,Male,A-,25.6,"92/30
Luthra Circle",560106,Asthma,109,37
1731,1732,P1732-7711-2,Tejas Gera,1977-11-07,47,Female,O-,22.8,"42/480
Kunda Circle",572005,Heart Disease,81,95
1732,1733,P1733-6705-1,Sumer Kala,1967-05-21,58,Male,AB+,23.1,"924
Bali Marg",570003,Heart Disease,84,73
1733,1734,P1734-9408-1,Yakshit Chanda,1994-08-08,30,Male,O+,24.1,"H.No. 924
Master Street",561002,Diabetes,94,52
1734,1735,P1735-7003-1,Sumer Rajagopal,1970-03-27,55,Male,A+,25.7,"90/34, Sunder Road",570010,Asthma,110,80
1735,1736,P1736-6806-1,Misha Doctor,1968-06-16,57,Male,A+,26.6,"91
Sandal Marg",572006,Osteoporosis,119,96
1736,1737,P1737-5312-2,Aniruddh Doshi,1953-12-23,71,Female,A+,23.6,"635, Lalla Nagar",570003,Sleep Apnea,89,73
1737,1738,P1738-4409-1,Farhan Bhatia,1944-09-05,80,Male,B-,23.8,"02/57
Barad Circle",560012,Diabetes,91,12
1738,1739,P1739-0508-2,Armaan Kumar,2005-08-19,19,Female,O+,21.8,"H.No. 10, Bir Nagar",560020,Dementia,71,20
1739,1740,P1740-5503-1,Romil Walia,1955-03-06,70,Male,B-,22.7,"59/089
Guha Ganj",560103,Heart Disease,80,34
1740,1741,P1741-7008-1,Pari Hegde,1970-08-01,54,Male,B-,23.9,"H.No. 86, Butala Road",560021,Diabetes,92,21
1741,1742,P1742-5903-1,Vivaan Mahajan,1959-03-26,66,Male,A+,25.1,"H.No. 757
Bakshi Road",572004,Gout,104,94
1742,1743,P1743-4408-1,Tejas Kadakia,1944-08-10,80,Male,A+,22.0,"21, Golla Road",560019,Hypertension,73,19
1743,1744,P1744-7902-1,Ranbir Deep,1979-02-03,46,Male,O-,25.9,"825, Lad Nagar",572004,Asthma,112,94
1744,1745,P1745-7706-1,Anya De,1977-06-06,48,Male,A+,26.1,"50/51
Apte Zila",560108,Gout,114,39
1745,1746,P1746-7611-2,Neelofar Chana,1976-11-07,48,Female,A+,23.5,"61/96, Dua Circle",560017,Diabetes,88,17
1746,1747,P1747-5801-2,Saksham Aurora,1958-01-16,67,Female,B+,26.1,"H.No. 29
Raju Street",560028,Epilepsy,114,28
1747,1748,P1748-7006-2,Abram Goel,1970-06-04,55,Female,B+,26.5,"62
Kalita Zila",560008,Dementia,118,8
1748,1749,P1749-7303-2,Kavya Swamy,1973-03-07,52,Female,B-,23.4,"769
Chahal",560108,Gout,87,39
1749,1750,P1750-5303-2,Samar Devan,1953-03-17,72,Female,A+,20.6,"H.No. 542
Dave Chowk",561009,Sleep Apnea,59,59
1750,1751,P1751-8205-1,Yasmin Varty,1982-05-25,43,Male,O+,24.3,"54/495
Borde Road",560105,Healthy,96,36
1751,1752,P1752-4605-2,Aarush Vaidya,1946-05-05,79,Female,O+,25.7,"H.No. 39
Bedi Street",560103,Heart Disease,110,34
1752,1753,P1753-0306-1,Badal Warrior,2003-06-13,22,Male,A+,20.5,"H.No. 56
Chauhan Path",560028,Gout,58,28
1753,1754,P1754-8105-1,Tanya Mani,1981-05-02,44,Male,O+,21.3,"03/59
Sridhar Marg",560007,Gout,66,7
1754,1755,P1755-7001-2,Darshit Chopra,1970-01-19,55,Female,B+,21.5,"H.No. 59
Boase Ganj",560014,Gout,68,14
1755,1756,P1756-8312-2,Indrans Mahajan,1983-12-15,41,Female,O+,26.5,"09/66, Venkatesh Street",560013,Sleep Apnea,118,13
1756,1757,P1757-6307-1,Shanaya Arya,1963-07-13,62,Male,B+,24.6,"H.No. 361
Uppal Path",560101,Heart Disease,99,32
1757,1758,P1758-7510-1,Nishith Dara,1975-10-29,49,Male,A-,28.0,"H.No. 84
Sood Nagar",560013,Dementia,133,13
1758,1759,P1759-4109-1,Vivaan Reddy,1941-09-13,83,Male,B+,20.9,"51/03, Agarwal Circle",560009,Hypertension,62,9
1759,1760,P1760-9603-1,Lagan Khanna,1996-03-09,29,Male,O+,25.3,"H.No. 43
Kuruvilla Circle",560101,Hypertension,106,32
1760,1761,P1761-6510-1,Mahika Kamdar,1965-10-18,59,Male,A+,24.0,"337, Bawa Nagar",570010,Epilepsy,93,80
1761,1762,P1762-8206-2,Alisha Khosla,1982-06-18,43,Female,B-,22.6,"32
Atwal Road",561004,Depression,79,54
1762,1763,P1763-9701-1,Advik Kale,1997-01-27,28,Male,A+,21.5,"79/147, Varty Marg",560206,Gout,68,47
1763,1764,P1764-7005-2,Divij Kunda,1970-05-21,55,Female,A-,21.5,"38
Dalal Circle",561004,Asthma,68,54
1764,1765,P1765-9602-1,Neysa Gandhi,1996-02-17,29,Male,B+,23.9,"51/85, Cheema Zila",561005,Osteoporosis,92,55
1765,1766,P1766-0002-2,Shray Dara,2000-02-15,25,Female,O-,24.7,"90/418
Sami Road",560005,Diabetes,100,5
1766,1767,P1767-9411-1,Hiran Mangat,1994-11-28,30,Male,A+,23.8,"96/14
Shanker",560204,Diabetes,91,45
1767,1768,P1768-8006-1,Aarna Bassi,1980-06-19,45,Male,O+,20.7,"785
Randhawa Path",561002,Epilepsy,60,52
1768,1769,P1769-9106-1,Anika Dugal,1991-06-11,34,Male,O+,23.4,"H.No. 02, Sandal Chowk",572006,Depression,87,96
1769,1770,P1770-9006-2,Aaina Gopal,1990-06-28,35,Female,B+,26.7,"H.No. 820, Choudhry Zila",560024,Depression,120,24
1770,1771,P1771-9404-1,Badal Goel,1994-04-19,31,Male,B+,24.0,"86/645, Khatri Zila",572002,Epilepsy,93,92
1771,1772,P1772-4903-2,Neelofar Dhar,1949-03-13,76,Female,B-,25.6,"01, Keer Circle",560005,Healthy,109,5
1772,1773,P1773-6111-1,Tanya Sodhi,1961-11-29,63,Male,A+,24.9,"25/03
Konda Nagar",572006,Hypertension,102,96
1773,1774,P1774-5304-1,Zain Issac,1953-04-30,72,Male,O+,24.0,"47/49
Buch Zila",561001,Diabetes,93,51
1774,1775,P1775-5012-2,Taran Vyas,1950-12-03,74,Female,B+,24.4,"08/69
Dewan Zila",560102,Osteoporosis,97,33
1775,1776,P1776-6504-2,Taran Goda,1965-04-25,60,Female,B+,25.4,"H.No. 075, Bhalla Zila",572010,Osteoporosis,107,100
1776,1777,P1777-5307-2,Hiran Wable,1953-07-13,72,Female,A+,23.9,"H.No. 775, Dora Road",562010,Healthy,92,70
1777,1778,P1778-8010-1,Jhanvi Bahl,1980-10-23,44,Male,AB+,23.1,"068, Rama Path",560022,Epilepsy,84,22
1778,1779,P1779-5102-2,Taran Devan,1951-02-10,74,Female,O+,26.0,"99/14, Kata Marg",560203,Gout,113,44
1779,1780,P1780-7304-1,Tarini Subramaniam,1973-04-05,52,Male,AB+,26.2,"42/868, Deo",562005,Depression,115,65
1780,1781,P1781-7004-2,Alia Sur,1970-04-18,55,Female,O+,25.2,"H.No. 41
Badami Ganj",571004,Osteoporosis,105,84
1781,1782,P1782-6504-1,Aaina Bhatti,1965-04-19,60,Male,O+,25.4,"56/69
Sanghvi Chowk",560028,Diabetes,107,28
1782,1783,P1783-7505-2,Piya Chaudhary,1975-05-02,50,Female,AB+,24.8,"86/05, Ravel Chowk",560026,Hypertension,101,26
1783,1784,P1784-0206-1,Tara Karan,2002-06-22,23,Male,A-,23.5,"H.No. 264, Mander Chowk",560205,Sleep Apnea,88,46
1784,1785,P1785-4612-2,Himmat Wali,1946-12-17,78,Female,B-,23.7,"22, Sharaf",560027,Osteoporosis,90,27
1785,1786,P1786-8508-2,Yuvaan Das,1985-08-14,39,Female,O+,28.2,"74/14, Sandal Street",561001,Osteoporosis,135,51
1786,1787,P1787-8403-2,Myra Talwar,1984-03-29,41,Female,AB-,23.4,"H.No. 255
Talwar Ganj",562010,Gout,87,70
1787,1788,P1788-5003-2,Saanvi Kalla,1950-03-02,75,Female,AB+,26.4,"H.No. 08
Saran Street",560101,Dementia,117,32
1788,1789,P1789-4209-1,Ishita Devi,1942-09-22,82,Male,B+,24.1,"53/39
Lall Road",561007,Asthma,94,57
1789,1790,P1790-6506-2,Taran Srinivas,1965-06-04,60,Female,O+,30.0,"H.No. 77, Randhawa Path",560019,Dementia,153,19
1790,1791,P1791-8612-1,Bhamini Lata,1986-12-07,38,Male,O-,23.1,"53/133
Ganesan Nagar",571002,Osteoporosis,84,82
1791,1792,P1792-4704-2,Khushi Jain,1947-04-02,78,Female,O+,25.9,"41, Tata Marg",571009,Heart Disease,112,89
1792,1793,P1793-6906-1,Oorja Din,1969-06-08,56,Male,O+,26.3,"H.No. 040
Dhillon Street",562005,Heart Disease,116,65
1793,1794,P1794-9106-2,Jayan Gola,1991-06-13,34,Female,O+,21.6,"25/95, Bala Path",562002,Epilepsy,69,62
1794,1795,P1795-8801-1,Alisha Korpal,1988-01-08,37,Male,B+,21.3,"47/69, Rout Nagar",572001,Dementia,66,91
1795,1796,P1796-7306-1,Advik Shroff,1973-06-07,52,Male,AB+,25.1,"67, Dada Zila",572003,Sleep Apnea,104,93
1796,1797,P1797-5712-1,Mahika Bandi,1957-12-28,67,Male,B+,24.2,"H.No. 219, Sheth Zila",571009,Gout,95,89
1797,1798,P1798-7305-2,Vidur Loyal,1973-05-22,52,Female,B+,27.8,"46/828
Bansal Road",570002,Gout,131,72
1798,1799,P1799-8202-1,Romil Konda,1982-02-17,43,Male,O+,19.3,"H.No. 290, Saha Chowk",560103,Healthy,46,34
1799,1800,P1800-9905-1,Vivaan Basak,1999-05-17,26,Male,A-,25.7,"53/005
Vyas Marg",562001,Epilepsy,110,61
1800,1801,P1801-5901-2,Shlok Dey,1959-01-08,66,Female,A+,20.8,"12/074, Chaudhary Street",560023,Gout,61,23
1801,1802,P1802-5204-2,Charvi Kibe,1952-04-04,73,Female,B-,23.6,"152, Vyas Nagar",562003,Depression,89,63
1802,1803,P1803-6802-2,Vritika Soman,1968-02-24,57,Female,B+,24.2,"H.No. 147
Sha",560012,Heart Disease,95,12
1803,1804,P1804-4610-1,Hiran Chawla,1946-10-21,78,Male,O-,25.4,"H.No. 71
Khalsa Chowk",561006,Osteoporosis,107,56
1804,1805,P1805-4101-2,Hazel Sidhu,1941-01-21,84,Female,O+,22.1,"55/151, Gade Street",562008,Sleep Apnea,74,68
1805,1806,P1806-5901-1,Himmat Lalla,1959-01-20,66,Male,O+,16.8,"95/184
Sani Marg",561004,Heart Disease,21,54
1806,1807,P1807-9702-2,Drishya Dewan,1997-02-13,28,Female,O-,25.2,"H.No. 15
Bala Road",561005,Depression,105,55
1807,1808,P1808-9310-2,Onkar Yadav,1993-10-16,31,Female,A-,26.3,"27/303, Khurana Ganj",571003,Gout,116,83
1808,1809,P1809-8610-2,Aradhya Kaul,1986-10-31,38,Female,O+,22.8,"H.No. 727
Rout",570008,Sleep Apnea,81,78
1809,1810,P1810-6009-2,Divyansh Singh,1960-09-04,64,Female,A-,24.8,"57, Loke Marg",561010,Dementia,101,60
1810,1811,P1811-6308-1,Gokul Kurian,1963-08-03,61,Male,B+,24.8,"024
Gara Nagar",562006,Diabetes,101,66
1811,1812,P1812-4603-2,Rati Bal,1946-03-02,79,Female,O+,22.4,"50/663, Ramakrishnan Nagar",560023,Dementia,77,23
1812,1813,P1813-4812-1,Onkar Bhatia,1948-12-31,76,Male,A+,26.0,"H.No. 095
Yohannan Chowk",560001,Hypertension,113,1
1813,1814,P1814-0512-2,Vihaan Date,2005-12-04,19,Female,O+,25.0,"H.No. 583
Varkey",560027,Dementia,103,27
1814,1815,P1815-8708-2,Taimur Borah,1987-08-13,37,Female,O+,21.7,"H.No. 05, Sur Road",560001,Healthy,70,1
1815,1816,P1816-9203-1,Madhav Balasubramanian,1992-03-25,33,Male,B+,21.6,"H.No. 72
Anne Ganj",570003,Diabetes,69,73
1816,1817,P1817-8006-1,Samaira Bumb,1980-06-28,45,Male,O-,22.9,"38/25, Shah Path",571005,Sleep Apnea,82,85
1817,1818,P1818-6805-1,Amira Dhaliwal,1968-05-29,57,Male,O+,26.2,"06
Sachdeva Path",570005,Osteoporosis,115,75
1818,1819,P1819-9005-2,Khushi Tella,1990-05-09,35,Female,A+,23.5,"H.No. 47, Ghose Road",560012,Hypertension,88,12
1819,1820,P1820-8904-1,Manjari Taneja,1989-04-10,36,Male,A+,25.1,"H.No. 842, Kuruvilla Zila",570003,Osteoporosis,104,73
1820,1821,P1821-9004-1,Onkar Bakshi,1990-04-08,35,Male,O+,23.3,"17
Raja Chowk",560005,Epilepsy,86,5
1821,1822,P1822-5701-1,Aarush Apte,1957-01-05,68,Male,B+,22.6,"60/36, Deshmukh Nagar",562006,Gout,79,66
1822,1823,P1823-6209-1,Shalv Walia,1962-09-25,62,Male,O+,22.9,"64/55, Devi Ganj",562006,Dementia,82,66
1823,1824,P1824-8806-2,Kanav Lanka,1988-06-26,37,Female,A-,27.5,"H.No. 103, Salvi Marg",560007,Gout,128,7
1824,1825,P1825-7602-1,Jayant Jha,1976-02-12,49,Male,O+,21.3,"992, Barad Marg",560015,Depression,66,15
1825,1826,P1826-7002-2,Nitara Keer,1970-02-21,55,Female,A-,24.6,"01/83, Sehgal",571003,Healthy,99,83
1826,1827,P1827-4210-2,Lakshit Varty,1942-10-20,82,Female,A+,24.7,"H.No. 135
Amble Zila",570004,Epilepsy,100,74
1827,1828,P1828-9104-1,Krish Jani,1991-04-19,34,Male,A+,21.7,"80/29, Mann Path",560109,Sleep Apnea,70,40
1828,1829,P1829-6204-1,Arnav Vasa,1962-04-27,63,Male,O+,27.1,"25/48, Baral Zila",570009,Asthma,124,79
1829,1830,P1830-7704-1,Bhamini Brar,1977-04-28,48,Male,B+,22.7,"273
Malhotra Marg",572008,Hypertension,80,98
1830,1831,P1831-8609-1,Krish Soman,1986-09-24,38,Male,O+,25.0,"H.No. 49, Desai Street",560029,Hypertension,103,29
1831,1832,P1832-8310-2,Umang Ramachandran,1983-10-26,41,Female,AB+,22.7,"H.No. 819, Kale Nagar",560018,Osteoporosis,80,18
1832,1833,P1833-6512-2,Heer Chatterjee,1965-12-18,59,Female,O+,24.2,"H.No. 45, Sarkar Ganj",561005,Asthma,95,55
1833,1834,P1834-5406-2,Manikya Baria,1954-06-07,71,Female,A+,28.0,"H.No. 922, Sastry Path",571003,Epilepsy,133,83
1834,1835,P1835-5709-1,Nirvi Bandi,1957-09-09,67,Male,AB+,25.1,"126
Ranganathan Path",570009,Osteoporosis,104,79
1835,1836,P1836-5003-2,Priyansh Bora,1950-03-04,75,Female,B+,22.1,"H.No. 03, Barman Street",570008,Diabetes,74,78
1836,1837,P1837-9007-1,Adah Chawla,1990-07-24,34,Male,O-,20.9,"69
Vasa Street",571010,Diabetes,62,90
1837,1838,P1838-7212-1,Nirvaan Joshi,1972-12-23,52,Male,O+,24.1,"60/82, Chakraborty Ganj",570004,Diabetes,94,74
1838,1839,P1839-7106-2,Tejas Divan,1971-06-21,54,Female,O+,21.5,"025, Das Road",560001,Osteoporosis,68,1
1839,1840,P1840-5904-2,Rhea Raj,1959-04-18,66,Female,O+,24.4,"H.No. 92
Baral",560104,Depression,97,35
1840,1841,P1841-4009-1,Hunar Kade,1940-09-05,84,Male,AB+,23.4,"H.No. 667, Edwin",560105,Sleep Apnea,87,36
1841,1842,P1842-8505-1,Stuvan Ratta,1985-05-06,40,Male,B-,24.4,"657
Keer Street",560208,Gout,97,49
1842,1843,P1843-4903-1,Azad Barad,1949-03-21,76,Male,O+,24.1,"H.No. 899, Khatri",561005,Osteoporosis,94,55
1843,1844,P1844-5911-1,Drishya Anne,1959-11-04,65,Male,O+,21.1,"H.No. 71
Deep Zila",561008,Healthy,64,58
1844,1845,P1845-9510-1,Yuvraj  Venkataraman,1995-10-19,29,Male,A+,25.2,"H.No. 38, Sawhney Circle",560202,Diabetes,105,43
1845,1846,P1846-8304-2,Chirag Varkey,1983-04-24,42,Female,B+,24.1,"79/67
Seshadri Chowk",560029,Asthma,94,29
1846,1847,P1847-7305-2,Sara Thaman,1973-05-22,52,Female,A-,25.1,"H.No. 41, Banerjee Zila",572001,Osteoporosis,104,91
1847,1848,P1848-6811-1,Hansh Bala,1968-11-24,56,Male,O+,28.5,"11, Loke Marg",571003,Healthy,138,83
1848,1849,P1849-6802-1,Zeeshan Madan,1968-02-28,57,Male,A+,24.4,"187
Jain Road",560029,Dementia,97,29
1849,1850,P1850-4101-1,Vardaniya Varma,1941-01-09,84,Male,B+,20.9,"H.No. 760
Sankar",572004,Heart Disease,62,94
1850,1851,P1851-7608-2,Chirag Golla,1976-08-26,48,Female,B+,23.5,"336, Dhaliwal Street",560014,Gout,88,14
1851,1852,P1852-4809-1,Ryan Ghose,1948-09-14,76,Male,B+,25.6,"85, Ramachandran Nagar",562003,Asthma,109,63
1852,1853,P1853-6409-1,Oorja Bail,1964-09-24,60,Male,O-,25.9,"28/08
Chhabra Street",560027,Sleep Apnea,112,27
1853,1854,P1854-7109-1,Yakshit Mane,1971-09-18,53,Male,B-,24.0,"35/42, Chada Circle",572010,Diabetes,93,100
1854,1855,P1855-6706-1,Vardaniya Amble,1967-06-20,58,Male,O+,27.0,"H.No. 495
Goyal Ganj",560029,Hypertension,123,29
1855,1856,P1856-4501-1,Madhav Maharaj,1945-01-04,80,Male,A+,24.4,"889, Devi",561007,Epilepsy,97,57
1856,1857,P1857-6204-1,Bhavin Dewan,1962-04-05,63,Male,AB+,24.7,"13, Tella Path",562001,Dementia,100,61
1857,1858,P1858-8001-1,Aayush Swaminathan,1980-01-09,45,Male,O+,22.8,"48/987
Ahuja Zila",560006,Osteoporosis,81,6
1858,1859,P1859-5203-1,Ela Ravi,1952-03-10,73,Male,A-,25.0,"722
Sankar Nagar",560201,Sleep Apnea,103,42
1859,1860,P1860-7712-1,Lagan Madan,1977-12-14,47,Male,O+,24.7,"H.No. 608
Sem",561002,Sleep Apnea,100,52
1860,1861,P1861-6511-1,Sahil Mand,1965-11-24,59,Male,O+,26.9,"687, Bhakta Chowk",570001,Heart Disease,122,71
1861,1862,P1862-6303-1,Nitara Chanda,1963-03-01,62,Male,O-,25.3,"H.No. 93, Som Zila",570007,Epilepsy,106,77
1862,1863,P1863-4911-1,Divij Hayer,1949-11-17,75,Male,B+,21.7,"64/526, Madan Ganj",560209,Hypertension,70,50
1863,1864,P1864-6008-2,Jhanvi Raju,1960-08-14,64,Female,A-,24.8,"62/189
Mandal Chowk",570003,Sleep Apnea,101,73
1864,1865,P1865-9804-1,Taran Rout,1998-04-16,27,Male,O+,25.8,"H.No. 216
Kota Circle",571006,Gout,111,86
1865,1866,P1866-5603-1,Aayush Baria,1956-03-08,69,Male,O-,22.2,"63/77, Som Chowk",571008,Diabetes,75,88
1866,1867,P1867-9104-2,Gokul Deshpande,1991-04-27,34,Female,O+,22.6,"56
Bhardwaj Path",570002,Sleep Apnea,79,72
1867,1868,P1868-9203-2,Saksham Brar,1992-03-12,33,Female,O+,28.7,"32/23
Aurora Road",561009,Hypertension,140,59
1868,1869,P1869-5307-1,Nirvi Sarin,1953-07-15,72,Male,AB+,20.6,"H.No. 72, Kamdar Street",571001,Osteoporosis,59,81
1869,1870,P1870-6805-1,Charvi Dixit,1968-05-11,57,Male,AB+,20.8,"20/69
Butala Ganj",562009,Diabetes,61,69
1870,1871,P1871-4101-1,Inaaya  Dayal,1941-01-21,84,Male,AB+,27.0,"71/073
Dar Marg",560201,Heart Disease,123,42
1871,1872,P1872-8807-2,Nirvi Issac,1988-07-05,37,Female,AB+,26.1,"H.No. 638, Gade Marg",560009,Sleep Apnea,114,9
1872,1873,P1873-6901-1,Jivin Bhagat,1969-01-18,56,Male,AB+,23.1,"H.No. 957
Bhalla Chowk",571002,Dementia,84,82
1873,1874,P1874-9210-2,Dhanush Balay,1992-10-23,32,Female,O+,21.9,"69/735
Hari",562006,Dementia,72,66
1874,1875,P1875-9407-2,Prerak Soman,1994-07-23,30,Female,A+,25.6,"81/31, Dar Road",560004,Osteoporosis,109,4
1875,1876,P1876-7701-1,Parinaaz Chandra,1977-01-13,48,Male,A+,25.9,"H.No. 635
Lala Circle",562002,Asthma,112,62
1876,1877,P1877-7005-2,Khushi Brahmbhatt,1970-05-27,55,Female,B-,23.2,"85, Kibe Street",562006,Sleep Apnea,85,66
1877,1878,P1878-4001-1,Jayant Bera,1940-01-30,85,Male,O-,23.5,"H.No. 262, Grewal Marg",571009,Heart Disease,88,89
1878,1879,P1879-9301-2,Siya Sachar,1993-01-15,32,Female,B+,24.9,"H.No. 654
Ganesh Nagar",561008,Osteoporosis,102,58
1879,1880,P1880-8510-2,Tanya Chaudry,1985-10-17,39,Female,A+,21.5,"844, Sunder Chowk",560208,Diabetes,68,49
1880,1881,P1881-4503-2,Nitara Hari,1945-03-17,80,Female,A-,24.8,"36/55
Sen",560109,Hypertension,101,40
1881,1882,P1882-9507-2,Oorja Trivedi,1995-07-21,29,Female,O-,20.8,"95
Rege",571010,Depression,61,90
1882,1883,P1883-9909-2,Divit Sathe,1999-09-29,25,Female,B+,22.7,"241, Wadhwa Nagar",560105,Epilepsy,80,36
1883,1884,P1884-4502-1,Shamik Kuruvilla,1945-02-06,80,Male,A+,21.5,"50/069, Kalla Street",560010,Healthy,68,10
1884,1885,P1885-6108-1,Ela Dar,1961-08-22,63,Male,O+,27.8,"57/403, Aurora Marg",560200,Gout,131,41
1885,1886,P1886-8707-1,Emir Devan,1987-07-13,37,Male,B+,26.0,"98/529, Kala Ganj",560013,Osteoporosis,113,13
1886,1887,P1887-4410-1,Raghav Sood,1944-10-01,80,Male,O+,24.4,"71, Kumer Marg",560002,Dementia,97,2
1887,1888,P1888-6410-1,Nishith Dhaliwal,1964-10-19,60,Male,B-,21.5,"84, Sagar Zila",570003,Healthy,68,73
1888,1889,P1889-9910-1,Kaira Amble,1999-10-26,25,Male,O-,25.2,"H.No. 72
Kunda",570007,Osteoporosis,105,77
1889,1890,P1890-4611-1,Riaan Bhatti,1946-11-10,78,Male,O+,26.8,"H.No. 93
Kala Road",560005,Heart Disease,121,5
1890,1891,P1891-4609-1,Akarsh Basu,1946-09-17,78,Male,AB+,25.4,"92/87
Kunda Path",572006,Epilepsy,107,96
1891,1892,P1892-4802-2,Ranbir Swaminathan,1948-02-01,77,Female,AB-,24.0,"H.No. 711, Gupta Ganj",560203,Asthma,93,44
1892,1893,P1893-9001-1,Divij Zacharia,1990-01-19,35,Male,B+,26.9,"67/38
Chawla Chowk",560002,Sleep Apnea,122,2
1893,1894,P1894-8903-1,Aaryahi Deol,1989-03-25,36,Male,AB+,20.7,"144, Gade Path",560019,Depression,60,19
1894,1895,P1895-6502-1,Anahi Ben,1965-02-08,60,Male,A-,24.3,"206, Gandhi Chowk",572002,Healthy,96,92
1895,1896,P1896-5706-1,Akarsh Srinivasan,1957-06-07,68,Male,O+,24.1,"H.No. 822, Sridhar Street",560009,Gout,94,9
1896,1897,P1897-9802-2,Ehsaan Bandi,1998-02-27,27,Female,A+,23.2,"H.No. 68
Ramakrishnan Circle",560003,Healthy,85,3
1897,1898,P1898-4505-2,Trisha Rao,1945-05-10,80,Female,B+,21.5,"62/803, Bhagat Marg",572006,Osteoporosis,68,96
1898,1899,P1899-0508-1,Jhanvi Deshmukh,2005-08-11,19,Male,O-,26.9,"81
Vyas Road",562003,Epilepsy,122,63
1899,1900,P1900-8005-1,Neysa Venkatesh,1980-05-31,45,Male,O+,26.5,"715
Vaidya Circle",560021,Sleep Apnea,118,21
1900,1901,P1901-8309-2,Tushar Mahal,1983-09-29,41,Female,O+,25.0,"125
Vora Ganj",571005,Healthy,103,85
1901,1902,P1902-4507-1,Advika Lanka,1945-07-17,80,Male,A-,21.2,"00
Lanka Road",560107,Depression,65,38
1902,1903,P1903-4711-2,Indrans Bala,1947-11-02,77,Female,B+,22.9,"86/23
Borde Zila",560203,Osteoporosis,82,44
1903,1904,P1904-9404-1,Raghav Setty,1994-04-15,31,Male,O+,21.5,"H.No. 829, Brar Nagar",570010,Epilepsy,68,80
1904,1905,P1905-7205-1,Krish Khare,1972-05-04,53,Male,O+,24.6,"H.No. 989
Thaker Path",560009,Epilepsy,99,9
1905,1906,P1906-4308-1,Bhavin Chacko,1943-08-25,81,Male,A+,25.8,"H.No. 18, Singhal Zila",572008,Gout,111,98
1906,1907,P1907-4601-2,Vanya Sehgal,1946-01-19,79,Female,A+,24.8,"10/413
Sharma Marg",560101,Asthma,101,32
1907,1908,P1908-4607-1,Armaan Wali,1946-07-05,79,Male,A-,19.8,"182
Dash Ganj",560018,Diabetes,51,18
1908,1909,P1909-8010-1,Bhavin Chakraborty,1980-10-06,44,Male,O+,23.3,"24/586
Basu",561004,Gout,86,54
1909,1910,P1910-5208-2,Heer Deshpande,1952-08-31,72,Female,AB+,23.5,"726
Swaminathan Nagar",562008,Diabetes,88,68
1910,1911,P1911-5401-1,Vihaan Kala,1954-01-04,71,Male,A-,26.5,"49
Brahmbhatt",572006,Gout,118,96
1911,1912,P1912-8612-1,Jayant Gokhale,1986-12-23,38,Male,O+,26.2,"81
Randhawa Path",561006,Healthy,115,56
1912,1913,P1913-0203-2,Kanav Bala,2002-03-24,23,Female,O+,20.9,"05/763
Kapadia Street",570003,Hypertension,62,73
1913,1914,P1914-5801-1,Rhea Saxena,1958-01-21,67,Male,O-,23.0,"93/52
Sathe Chowk",570005,Sleep Apnea,83,75
1914,1915,P1915-5208-2,Hazel Yadav,1952-08-18,72,Female,AB+,23.8,"731, Savant Road",560006,Heart Disease,91,6
1915,1916,P1916-6601-2,Vidur Sehgal,1966-01-01,59,Female,B+,24.2,"88, Ramachandran Circle",572004,Sleep Apnea,95,94
1916,1917,P1917-6808-1,Navya Sama,1968-08-05,56,Male,O+,23.0,"314
Yohannan Chowk",560022,Asthma,83,22
1917,1918,P1918-6211-1,Umang Sarma,1962-11-06,62,Male,B+,22.8,"582, Varma Nagar",571007,Dementia,81,87
1918,1919,P1919-8110-2,Sahil Suri,1981-10-03,43,Female,A+,25.9,"373, Tella Street",560005,Hypertension,112,5
1919,1920,P1920-8701-2,Saanvi Ghosh,1987-01-23,38,Female,A+,23.0,"141, Bhatt Circle",560019,Osteoporosis,83,19
1920,1921,P1921-8406-2,Ira Goyal,1984-06-21,41,Female,O-,24.7,"H.No. 139, Edwin Nagar",562007,Gout,100,67
1921,1922,P1922-7312-1,Hazel Devi,1973-12-09,51,Male,O-,29.1,"137
Chandran",560015,Gout,144,15
1922,1923,P1923-7001-2,Shlok Karan,1970-01-17,55,Female,O+,23.0,"14/914, Singh",560001,Epilepsy,83,1
1923,1924,P1924-8806-1,Arhaan D’Alia,1988-06-18,37,Male,O-,24.4,"H.No. 414
Deshmukh Street",572010,Hypertension,97,100
1924,1925,P1925-7603-1,Alisha Chhabra,1976-03-28,49,Male,O+,26.5,"89
Gara Nagar",560014,Osteoporosis,118,14
1925,1926,P1926-0105-2,Azad Dave,2001-05-18,24,Female,O+,20.6,"H.No. 066, Sur Street",560023,Healthy,59,23
1926,1927,P1927-5807-2,Kabir Dhar,1958-07-16,67,Female,O+,24.8,"51/82
Agrawal Chowk",560203,Epilepsy,101,44
1927,1928,P1928-7409-2,Elakshi Iyengar,1974-09-23,50,Female,AB+,25.2,"H.No. 385, Butala Nagar",560005,Dementia,105,5
1928,1929,P1929-4906-1,Farhan Sanghvi,1949-06-15,76,Male,O-,24.0,"89/84, Lad Zila",561001,Heart Disease,93,51
1929,1930,P1930-8903-1,Aarush Choudhry,1989-03-16,36,Male,O-,22.5,"H.No. 821
Kohli Path",572005,Hypertension,78,95
1930,1931,P1931-4806-1,Ehsaan Gara,1948-06-07,77,Male,AB+,29.5,"08/61
Chand Street",562010,Diabetes,148,70
1931,1932,P1932-4205-2,Rati Kota,1942-05-30,83,Female,O+,21.0,"39/33
Raj Marg",572004,Epilepsy,63,94
1932,1933,P1933-0506-1,Ela Bail,2005-06-29,20,Male,B+,22.3,"H.No. 597
Kumer Chowk",562005,Epilepsy,76,65
1933,1934,P1934-8810-1,Shanaya Ganesh,1988-10-04,36,Male,O+,22.8,"H.No. 148
Gaba Nagar",571009,Gout,81,89
1934,1935,P1935-8106-1,Kimaya Kalita,1981-06-12,44,Male,AB+,23.7,"H.No. 12, Sahota Ganj",561007,Hypertension,90,57
1935,1936,P1936-9905-2,Lakshit Konda,1999-05-17,26,Female,A+,22.5,"H.No. 01, Sathe Circle",562004,Dementia,78,64
1936,1937,P1937-5212-1,Anika Sachdev,1952-12-30,72,Male,B-,25.1,"H.No. 830, Badal Street",560209,Gout,104,50
1937,1938,P1938-5610-1,Nitya Yogi,1956-10-30,68,Male,O+,23.7,"727
Arora Circle",560028,Asthma,90,28
1938,1939,P1939-6201-2,Saanvi Boase,1962-01-16,63,Female,A-,24.5,"H.No. 183, Dugar Path",571006,Epilepsy,98,86
1939,1940,P1940-8704-1,Prerak Soni,1987-04-27,38,Male,B+,26.1,"10, Kakar Marg",560015,Gout,114,15
1940,1941,P1941-5205-2,Onkar Ghosh,1952-05-25,73,Female,A+,22.2,"H.No. 410
Balan Marg",561001,Depression,75,51
1941,1942,P1942-9605-1,Mohanlal Sharaf,1996-05-23,29,Male,O+,23.3,"43/80
Lata Marg",560101,Diabetes,86,32
1942,1943,P1943-8408-1,Ishita Verma,1984-08-20,40,Male,B-,24.5,"65/22, Sehgal Street",560015,Dementia,98,15
1943,1944,P1944-5801-2,Navya Bal,1958-01-28,67,Female,B+,23.6,"H.No. 626
Mahal Marg",560109,Dementia,89,40
1944,1945,P1945-7306-2,Bhamini Gera,1973-06-23,52,Female,O+,28.5,"73/66, Ganesh Nagar",560102,Gout,138,33
1945,1946,P1946-8310-1,Reyansh Dass,1983-10-19,41,Male,O+,22.1,"H.No. 34
Saha Zila",562009,Heart Disease,74,69
1946,1947,P1947-5407-1,Anay Rana,1954-07-20,70,Male,B+,23.6,"57/52, Halder Circle",560007,Dementia,89,7
1947,1948,P1948-9804-2,Tiya Ray,1998-04-19,27,Female,B+,25.7,"42/28, Sarin Road",560028,Sleep Apnea,110,28
1948,1949,P1949-8409-2,Oorja Dixit,1984-09-15,40,Female,O+,26.6,"73, Dewan Marg",560101,Dementia,119,32
1949,1950,P1950-6909-2,Sara Virk,1969-09-04,55,Female,AB+,24.1,"98/500
Deol Chowk",560107,Healthy,94,38
1950,1951,P1951-6408-2,Rania Bajwa,1964-08-14,60,Female,A+,27.4,"027, Datta Street",560207,Heart Disease,127,48
1951,1952,P1952-9306-1,Umang Mahajan,1993-06-18,32,Male,O+,22.0,"H.No. 797, Chada Street",562003,Depression,73,63
1952,1953,P1953-7108-2,Hridaan Banik,1971-08-28,53,Female,O+,21.8,"13, Halder Path",560015,Osteoporosis,71,15
1953,1954,P1954-5101-1,Rohan Sha,1951-01-04,74,Male,O+,22.4,"26/118
Bhandari Nagar",571004,Sleep Apnea,77,84
1954,1955,P1955-9903-2,Tarini Chaudhuri,1999-03-11,26,Female,A+,18.9,"H.No. 34, Ramesh Marg",560105,Asthma,42,36
1955,1956,P1956-4301-1,Riaan Bhagat,1943-01-05,82,Male,B-,23.5,"25/99
Chad Circle",561008,Diabetes,88,58
1956,1957,P1957-4202-2,Riaan Sidhu,1942-02-10,83,Female,A+,27.2,"22, Dhawan Road",572003,Epilepsy,125,93
1957,1958,P1958-4206-2,Prerak Barad,1942-06-03,83,Female,B-,24.6,"H.No. 338, Chand Circle",572007,Heart Disease,99,97
1958,1959,P1959-6307-2,Manjari Mann,1963-07-01,62,Female,O+,23.4,"H.No. 44
Garde Road",572007,Heart Disease,87,97
1959,1960,P1960-9601-2,Miraan Brahmbhatt,1996-01-21,29,Female,O+,27.4,"H.No. 730, Kothari Chowk",560021,Gout,127,21
1960,1961,P1961-4002-1,Shlok Chandra,1940-02-26,85,Male,A-,23.0,"301, Doshi Chowk",560009,Hypertension,83,9
1961,1962,P1962-5212-2,Lakshay Chaudhry,1952-12-20,72,Female,A+,21.7,"73/582
Maharaj Street",560209,Dementia,70,50
1962,1963,P1963-6410-2,Mannat Johal,1964-10-26,60,Female,B+,23.1,"67
Khalsa Ganj",560015,Depression,84,15
1963,1964,P1964-5509-1,Dishani Srinivasan,1955-09-11,69,Male,O+,25.1,"H.No. 24
Lal Nagar",560011,Hypertension,104,11
1964,1965,P1965-6709-2,Aayush Mand,1967-09-03,57,Female,B-,25.5,"H.No. 317
Kumar Zila",560026,Diabetes,108,26
1965,1966,P1966-8712-1,Ishita Butala,1987-12-09,37,Male,O+,27.5,"H.No. 62, Bail Chowk",560002,Dementia,128,2
1966,1967,P1967-6711-1,Rhea Ranganathan,1967-11-21,57,Male,O-,21.7,"731
Ray Nagar",570010,Dementia,70,80
1967,1968,P1968-7806-2,Divit Wali,1978-06-07,47,Female,B+,24.3,"40/842, Khatri Nagar",571007,Asthma,96,87
1968,1969,P1969-7505-1,Shalv Mahal,1975-05-03,50,Male,O-,26.1,"302, Karnik Nagar",560100,Asthma,114,31
1969,1970,P1970-9506-2,Hunar Roy,1995-06-27,30,Female,O+,23.7,"08, Wali Nagar",570004,Gout,90,74
1970,1971,P1971-4704-1,Eva Boase,1947-04-05,78,Male,B-,25.4,"876, Setty Path",572001,Depression,107,91
1971,1972,P1972-6203-1,Vardaniya Barman,1962-03-03,63,Male,O+,26.3,"H.No. 67, Jain",560014,Depression,116,14
1972,1973,P1973-5208-2,Khushi Tak,1952-08-24,72,Female,B-,26.1,"H.No. 034
Ramesh Chowk",561009,Osteoporosis,114,59
1973,1974,P1974-8811-2,Kabir Thakur,1988-11-16,36,Female,B+,24.1,"93/831
Bose Ganj",561005,Epilepsy,94,55
1974,1975,P1975-6911-1,Reyansh Sha,1969-11-14,55,Male,B+,25.7,"07, Shere Zila",560007,Diabetes,110,7
1975,1976,P1976-7508-2,Shanaya Aurora,1975-08-06,49,Female,A-,27.0,"60
Singh Street",560024,Diabetes,123,24
1976,1977,P1977-4507-2,Lavanya Chaudry,1945-07-02,80,Female,O+,26.8,"H.No. 713, Deep Circle",560030,Dementia,121,30
1977,1978,P1978-5302-1,Ishaan Bava,1953-02-15,72,Male,O+,24.0,"77/68
Deep Road",560018,Dementia,93,18
1978,1979,P1979-6407-2,Samaira Deshmukh,1964-07-28,60,Female,A-,24.9,"21, Jain Path",572010,Sleep Apnea,102,100
1979,1980,P1980-4806-2,Nakul Din,1948-06-03,77,Female,O+,22.1,"710, Sanghvi Street",562003,Dementia,74,63
1980,1981,P1981-0006-2,Purab Badal,2000-06-13,25,Female,B+,25.1,"H.No. 53, Loyal Circle",571008,Gout,104,88
1981,1982,P1982-5110-2,Jiya Hora,1951-10-25,73,Female,O+,24.4,"503
Chadha Zila",571002,Healthy,97,82
1982,1983,P1983-5007-1,Charvi Deep,1950-07-06,75,Male,B+,22.9,"H.No. 38, Datta Chowk",560028,Diabetes,82,28
1983,1984,P1984-8503-1,Adira Borra,1985-03-07,40,Male,A-,29.0,"51/278
Vaidya Street",560016,Epilepsy,143,16
1984,1985,P1985-8004-2,Neelofar Reddy,1980-04-17,45,Female,AB+,26.7,"93
Choudhary Marg",572008,Osteoporosis,120,98
1985,1986,P1986-5509-2,Kanav Sinha,1955-09-18,69,Female,A+,23.4,"376
Hayre Road",560001,Diabetes,87,1
1986,1987,P1987-4010-1,Arnav Datta,1940-10-12,84,Male,A+,20.4,"36/01
Ghose Circle",571007,Diabetes,57,87
1987,1988,P1988-8308-2,Zain Acharya,1983-08-16,41,Female,O+,29.5,"932
Jain",561010,Dementia,148,60
1988,1989,P1989-8206-2,Abram Chopra,1982-06-05,43,Female,O+,23.7,"H.No. 481, Sekhon Nagar",560205,Asthma,90,46
1989,1990,P1990-9902-1,Taimur Raju,1999-02-25,26,Male,A-,25.0,"44/342, Sha Road",560207,Diabetes,103,48
1990,1991,P1991-5007-2,Trisha Goswami,1950-07-05,75,Female,A+,24.3,"97/24
Rajagopal",570004,Hypertension,96,74
1991,1992,P1992-6507-2,Shaan Sem,1965-07-12,60,Female,AB+,25.2,"97/171, Gola Road",560020,Dementia,105,20
1992,1993,P1993-6201-1,Nirvaan Sarkar,1962-01-05,63,Male,A+,25.6,"634, Bir Path",562008,Hypertension,109,68
1993,1994,P1994-7310-2,Rasha Bobal,1973-10-04,51,Female,O+,21.5,"583
Devan Road",570001,Sleep Apnea,68,71
1994,1995,P1995-6412-2,Samaira Raj,1964-12-31,60,Female,A+,20.4,"62/65
Ghose Street",560209,Gout,57,50
1995,1996,P1996-5005-1,Divit Soni,1950-05-25,75,Male,O+,24.9,"H.No. 75
Dutta Road",560107,Diabetes,102,38
1996,1997,P1997-0508-1,Siya Mand,2005-08-22,19,Male,O+,25.1,"27/28, Agate Nagar",560016,Diabetes,104,16
1997,1998,P1998-6010-1,Yuvraj  Verma,1960-10-09,64,Male,O-,19.8,"H.No. 360, Kannan Road",560107,Heart Disease,51,38
1998,1999,P1999-5402-1,Mehul Contractor,1954-02-12,71,Male,B+,26.0,"54/244, Hayre Circle",560202,Dementia,113,43
1999,2000,P2000-4911-2,Samiha Bhatti,1949-11-09,75,Female,B+,23.1,"02/101
Chatterjee Zila",560021,Heart Disease,84,21
2000,2001,P2001-6305-1,Riaan Devi,1963-05-15,62,Male,AB+,20.7,"58
Kari Road",571009,Dementia,60,89
2001,2002,P2002-6507-2,Lavanya Verma,1965-07-01,60,Female,A-,25.0,"H.No. 051
Ahluwalia Zila",560200,Asthma,103,41
2002,2003,P2003-4907-2,Devansh Sahni,1949-07-20,76,Female,A+,25.2,"H.No. 34, Goswami Street",560023,Epilepsy,105,23
2003,2004,P2004-4809-2,Ira Sunder,1948-09-03,76,Female,A-,26.4,"53
Shroff Ganj",570009,Heart Disease,117,79
2004,2005,P2005-9111-1,Uthkarsh Kanda,1991-11-15,33,Male,O+,26.1,"393
Kibe Path",571006,Sleep Apnea,114,86
2005,2006,P2006-9107-2,Anahita Dugar,1991-07-26,33,Female,A+,24.8,"H.No. 823
Lata Circle",561009,Sleep Apnea,101,59
2006,2007,P2007-8909-2,Tejas Dey,1989-09-11,35,Female,O+,23.8,"859
Rama Road",560015,Depression,91,15
2007,2008,P2008-5002-2,Divyansh Singh,1950-02-10,75,Female,O+,24.9,"61/31
Grewal Circle",560206,Depression,102,47
2008,2009,P2009-6601-1,Anay Raval,1966-01-08,59,Male,O+,25.7,"980, Ben Circle",562004,Dementia,110,64
2009,2010,P2010-7402-2,Dhanuk Bhandari,1974-02-18,51,Female,B+,22.9,"55/861
Khurana Nagar",572006,Dementia,82,96
2010,2011,P2011-9008-1,Trisha Dasgupta,1990-08-08,34,Male,B+,24.5,"H.No. 846, Seth Ganj",570010,Diabetes,98,80
2011,2012,P2012-0107-2,Tejas Arora,2001-07-06,24,Female,AB+,24.2,"719
Kumar Nagar",570004,Osteoporosis,95,74
2012,2013,P2013-8410-2,Samarth Kanda,1984-10-02,40,Female,B+,21.5,"H.No. 34
Hegde Ganj",560008,Osteoporosis,68,8
2013,2014,P2014-9309-1,Samar Chander,1993-09-23,31,Male,A+,22.9,"H.No. 54
Gulati Nagar",560019,Healthy,82,19
2014,2015,P2015-7806-2,Jiya Sachar,1978-06-11,47,Female,O+,23.9,"83/94
Sen Road",570003,Sleep Apnea,92,73
2015,2016,P2016-5910-1,Anika Luthra,1959-10-12,65,Male,B+,22.9,"H.No. 57
Hegde Nagar",560209,Dementia,82,50
2016,2017,P2017-9807-1,Ryan Sharma,1998-07-14,26,Male,A+,21.6,"H.No. 41
Sood Zila",560019,Epilepsy,69,19
2017,2018,P2018-9405-1,Aarush Basak,1994-05-02,31,Male,O+,25.7,"44/548, Bedi Road",561005,Gout,110,55
2018,2019,P2019-9601-2,Rohan Khatri,1996-01-19,29,Female,A+,22.9,"791
Hora Ganj",560206,Dementia,82,47
2019,2020,P2020-9007-1,Arhaan Bobal,1990-07-06,35,Male,O+,25.0,"14/97, Chaudhry Nagar",560100,Dementia,103,31
2020,2021,P2021-7612-2,Rati Sarin,1976-12-12,48,Female,O+,23.4,"329
Sura Zila",560004,Dementia,87,4
2021,2022,P2022-8807-1,Madhup Rajagopal,1988-07-05,37,Male,B+,23.4,"59/838
Zachariah Street",572003,Healthy,87,93
2022,2023,P2023-8410-2,Parinaaz Deep,1984-10-25,40,Female,B+,19.0,"H.No. 760, Kannan Zila",572005,Gout,43,95
2023,2024,P2024-6006-2,Tarini Banik,1960-06-02,65,Female,B+,29.6,"H.No. 21, Jain Zila",562005,Gout,149,65
2024,2025,P2025-4604-2,Vardaniya Sagar,1946-04-26,79,Female,A-,24.8,"H.No. 05
Manda Zila",560007,Depression,101,7
2025,2026,P2026-8304-2,Fateh Anand,1983-04-26,42,Female,B+,22.6,"32
Subramaniam Nagar",560022,Depression,79,22
2026,2027,P2027-6404-2,Zeeshan Sani,1964-04-04,61,Female,A-,26.1,"14, Tak",572002,Epilepsy,114,92
2027,2028,P2028-9302-1,Lagan Dey,1993-02-19,32,Male,O+,28.0,"H.No. 696
Deshmukh",571004,Dementia,133,84
2028,2029,P2029-5910-2,Ahana  Sanghvi,1959-10-10,65,Female,AB+,24.7,"H.No. 759
Lalla Nagar",560001,Depression,100,1
2029,2030,P2030-7303-1,Prerak Khurana,1973-03-27,52,Male,O+,26.9,"58
Divan Circle",560205,Depression,122,46
2030,2031,P2031-8312-2,Elakshi Wali,1983-12-02,41,Female,B+,26.6,"H.No. 744
Kothari Circle",560012,Asthma,119,12
2031,2032,P2032-6008-2,Madhup Bava,1960-08-25,64,Female,A+,20.9,"71/581, Badal Road",561002,Dementia,62,52
2032,2033,P2033-6612-2,Jivin Choudhury,1966-12-30,58,Female,B+,20.3,"09
Dhawan Zila",572005,Epilepsy,56,95
2033,2034,P2034-9411-1,Hridaan Gopal,1994-11-22,30,Male,B+,22.3,"15, Sundaram",571002,Hypertension,76,82
2034,2035,P2035-8102-2,Purab Master,1981-02-12,44,Female,B+,22.0,"92/12, Sami Circle",562007,Sleep Apnea,73,67
2035,2036,P2036-0307-2,Ryan Bansal,2003-07-06,22,Female,O-,23.1,"093
Choudhary Zila",572004,Heart Disease,84,94
2036,2037,P2037-7811-1,Aayush Srinivas,1978-11-22,46,Male,O+,22.8,"H.No. 89, Taneja Marg",560016,Healthy,81,16
2037,2038,P2038-6711-1,Kaira Sahota,1967-11-14,57,Male,O+,23.6,"H.No. 053
Ramaswamy Circle",560024,Hypertension,89,24
2038,2039,P2039-9206-2,Manjari Seshadri,1992-06-27,33,Female,B+,22.9,"H.No. 010, Bawa Circle",560025,Asthma,82,25
2039,2040,P2040-8003-2,Shlok Jayaraman,1980-03-21,45,Female,O+,23.3,"10/762, Ray Circle",561006,Heart Disease,86,56
2040,2041,P2041-7304-1,Jivin Sridhar,1973-04-15,52,Male,B+,27.4,"62/816
Lala Street",560102,Depression,127,33
2041,2042,P2042-7306-1,Aaina Yohannan,1973-06-04,52,Male,O+,24.3,"15/09, Balakrishnan Street",560024,Gout,96,24
2042,2043,P2043-5603-2,Faiyaz Arya,1956-03-10,69,Female,O+,23.6,"47
Verma Path",570003,Dementia,89,73
2043,2044,P2044-0505-2,Jhanvi Bora,2005-05-27,20,Female,A+,22.5,"85, Jhaveri Road",561005,Gout,78,55
2044,2045,P2045-6809-1,Nitara Vala,1968-09-24,56,Male,B+,23.5,"62/68
Uppal Chowk",560102,Healthy,88,33
2045,2046,P2046-9101-2,Divyansh Sahota,1991-01-25,34,Female,B-,27.7,"H.No. 882, Dara Chowk",560024,Diabetes,130,24
2046,2047,P2047-0012-2,Aarush Thaker,2000-12-29,24,Female,O+,23.4,"H.No. 232
Mangal Ganj",560013,Dementia,87,13
2047,2048,P2048-7812-2,Anahita Lad,1978-12-05,46,Female,O+,26.8,"455, Lad Zila",560104,Osteoporosis,121,35
2048,2049,P2049-5602-1,Miraan Dada,1956-02-28,69,Male,A-,22.6,"020
Sane Ganj",562010,Heart Disease,79,70
2049,2050,P2050-8810-1,Pari Kari,1988-10-09,36,Male,B+,23.9,"H.No. 11
Bhattacharyya Zila",572004,Sleep Apnea,92,94
2050,2051,P2051-4112-1,Adira Balasubramanian,1941-12-05,83,Male,O+,25.9,"H.No. 794, Chadha Circle",560004,Gout,112,4
2051,2052,P2052-8611-2,Rasha Chandran,1986-11-23,38,Female,O+,21.1,"H.No. 73, Manda Marg",560018,Healthy,64,18
2052,2053,P2053-9210-1,Kismat Sengupta,1992-10-01,32,Male,O+,26.6,"02/420, Kulkarni Chowk",561005,Dementia,119,55
2053,2054,P2054-8607-1,Nakul Sangha,1986-07-08,39,Male,AB+,24.9,"04, Warrior Road",562010,Diabetes,102,70
2054,2055,P2055-0108-2,Anya Kant,2001-08-07,23,Female,O+,26.5,"89, Jhaveri Ganj",561005,Dementia,118,55
2055,2056,P2056-0003-2,Zara Arya,2000-03-25,25,Female,O+,22.0,"H.No. 60, Vohra Path",560011,Epilepsy,73,11
2056,2057,P2057-9810-1,Anvi Tak,1998-10-31,26,Male,O+,22.7,"62/27
Goyal Marg",572009,Osteoporosis,80,99
2057,2058,P2058-8305-2,Shamik Jaggi,1983-05-20,42,Female,O+,25.9,"H.No. 28
Dyal Circle",560008,Heart Disease,112,8
2058,2059,P2059-8706-2,Alisha Bahl,1987-06-18,38,Female,B+,20.9,"17/622, Krishnamurthy Chowk",560025,Osteoporosis,62,25
2059,2060,P2060-8906-2,Ishita Krishnamurthy,1989-06-20,36,Female,A+,20.8,"59/573
Dhawan Chowk",560021,Osteoporosis,61,21
2060,2061,P2061-0011-2,Nayantara Banerjee,2000-11-17,24,Female,AB+,28.6,"79/53, Majumdar",560017,Gout,139,17
2061,2062,P2062-9609-1,Nayantara Chhabra,1996-09-03,28,Male,A+,20.0,"694
Sant Road",560028,Healthy,53,28
2062,2063,P2063-8811-2,Anika Rastogi,1988-11-29,36,Female,O+,23.9,"H.No. 96
Dasgupta Street",560100,Hypertension,92,31
2063,2064,P2064-9910-2,Uthkarsh Savant,1999-10-07,25,Female,A+,25.2,"04/07, Mand Marg",572001,Diabetes,105,91
2064,2065,P2065-4202-2,Sumer Varghese,1942-02-27,83,Female,AB+,26.6,"H.No. 185
Ramachandran Circle",560018,Heart Disease,119,18
2065,2066,P2066-8105-1,Lavanya Dora,1981-05-18,44,Male,A+,23.2,"H.No. 612, Sampath Street",560019,Healthy,85,19
2066,2067,P2067-5102-2,Abram Johal,1951-02-20,74,Female,AB+,26.7,"04/38, Contractor Marg",571009,Hypertension,120,89
2067,2068,P2068-8203-2,Advik Kamdar,1982-03-20,43,Female,O+,23.4,"H.No. 04
Wali Road",561002,Sleep Apnea,87,52
2068,2069,P2069-6302-2,Trisha Sampath,1963-02-15,62,Female,AB+,24.2,"H.No. 87, Shere",560107,Diabetes,95,38
2069,2070,P2070-8807-1,Parinaaz Suresh,1988-07-30,36,Male,B+,21.9,"87
Bath Circle",561002,Depression,72,52
2070,2071,P2071-7805-2,Alisha Srinivasan,1978-05-28,47,Female,A+,26.0,"H.No. 00
Ratti",561010,Epilepsy,113,60
2071,2072,P2072-9902-2,Vanya Tara,1999-02-13,26,Female,O+,23.6,"H.No. 542, Toor Path",560008,Diabetes,89,8
2072,2073,P2073-6301-1,Shray Chander,1963-01-30,62,Male,B+,20.8,"H.No. 319
Sekhon Street",561005,Epilepsy,61,55
2073,2074,P2074-7702-2,Hansh Kale,1977-02-11,48,Female,B+,22.7,"29
Saxena Circle",560019,Healthy,80,19
2074,2075,P2075-8809-1,Anya Khalsa,1988-09-24,36,Male,O+,23.2,"60/42, Vaidya Street",572010,Osteoporosis,85,100
2075,2076,P2076-0003-2,Nitara Dora,2000-03-24,25,Female,O-,23.4,"93/714
Tak Chowk",560026,Asthma,87,26
2076,2077,P2077-4302-2,Kismat Kunda,1943-02-12,82,Female,O+,23.2,"H.No. 47, Deep Street",562010,Heart Disease,85,70
2077,2078,P2078-6705-2,Drishya Bahl,1967-05-14,58,Female,O+,25.7,"22, Deshmukh Street",560105,Diabetes,110,36
2078,2079,P2079-8208-1,Divit Karnik,1982-08-05,42,Male,O+,23.2,"H.No. 641, Mann Ganj",560202,Diabetes,85,43
2079,2080,P2080-8612-2,Diya Upadhyay,1986-12-05,38,Female,AB+,26.1,"78, Dhingra Circle",570001,Healthy,114,71
2080,2081,P2081-7703-2,Shray Sodhi,1977-03-17,48,Female,O+,23.6,"H.No. 01
Keer Circle",560102,Dementia,89,33
2081,2082,P2082-4607-2,Fateh Rege,1946-07-28,78,Female,B+,27.8,"17
Wason Path",561003,Dementia,131,53
2082,2083,P2083-6308-1,Nehmat Subramaniam,1963-08-05,61,Male,O+,21.9,"735
Chadha Chowk",561006,Dementia,72,56
2083,2084,P2084-5305-2,Ranbir Kamdar,1953-05-28,72,Female,O+,25.9,"455
Raju Ganj",560200,Epilepsy,112,41
2084,2085,P2085-5412-1,Alisha Aurora,1954-12-13,70,Male,A+,23.7,"33/72, Srinivas",560029,Dementia,90,29
2085,2086,P2086-5104-1,Nirvaan Bora,1951-04-17,74,Male,A+,24.1,"H.No. 58
Dhillon Marg",560207,Diabetes,94,48
2086,2087,P2087-6406-2,Tejas Apte,1964-06-13,61,Female,A+,22.8,"H.No. 30
Koshy Path",560028,Sleep Apnea,81,28
2087,2088,P2088-0307-2,Saira Vala,2003-07-03,22,Female,A+,20.1,"74, Saini Nagar",560029,Sleep Apnea,54,29
2088,2089,P2089-5107-2,Ryan Bali,1951-07-26,73,Female,O+,23.4,"309
Bhavsar Road",560019,Heart Disease,87,19
2089,2090,P2090-9710-1,Priyansh Andra,1997-10-07,27,Male,O+,26.4,"58/701
Suresh Marg",560004,Diabetes,117,4
2090,2091,P2091-7604-1,Khushi Gandhi,1976-04-06,49,Male,B-,28.0,"576, Deol",570005,Healthy,133,75
2091,2092,P2092-9506-2,Raghav Chadha,1995-06-10,30,Female,O+,25.2,"H.No. 23, Badal Path",560006,Osteoporosis,105,6
2092,2093,P2093-7208-2,Trisha Ahluwalia,1972-08-25,52,Female,B+,27.2,"H.No. 92, Vohra Street",560106,Asthma,125,37
2093,2094,P2094-7403-1,Parinaaz Khare,1974-03-02,51,Male,A+,24.9,"627, Sura Zila",560001,Depression,102,1
2094,2095,P2095-7904-2,Yasmin Sarma,1979-04-03,46,Female,B+,23.4,"88/370
Saxena Road",560200,Asthma,87,41
2095,2096,P2096-5604-2,Ivana Shah,1956-04-18,69,Female,AB+,26.0,"H.No. 176, Chandra Circle",572004,Healthy,113,94
2096,2097,P2097-6509-2,Kimaya Bumb,1965-09-23,59,Female,AB+,22.6,"H.No. 52
Gulati Road",561001,Epilepsy,79,51
2097,2098,P2098-0308-2,Lakshay Edwin,2003-08-03,21,Female,B+,23.7,"812
Virk Road",560010,Healthy,90,10
2098,2099,P2099-8202-1,Nehmat Kade,1982-02-01,43,Male,A-,21.1,"H.No. 199
Samra Ganj",560019,Hypertension,64,19
2099,2100,P2100-6811-1,Jhanvi Sachar,1968-11-19,56,Male,AB+,23.3,"270, Bhakta Marg",562006,Healthy,86,66
2100,2101,P2101-9103-2,Raghav Bhattacharyya,1991-03-21,34,Female,O+,22.0,"78/407, Baral Street",560209,Asthma,73,50
2101,2102,P2102-7301-1,Gatik Suresh,1973-01-06,52,Male,B+,25.0,"612, Iyengar Nagar",560027,Heart Disease,103,27
2102,2103,P2103-8305-2,Nirvaan Jayaraman,1983-05-17,42,Female,A+,27.3,"H.No. 591
Mane Chowk",571010,Osteoporosis,126,90
2103,2104,P2104-6804-2,Veer Chawla,1968-04-07,57,Female,AB+,20.6,"H.No. 53, Bawa Road",562002,Healthy,59,62
2104,2105,P2105-8111-1,Tiya Koshy,1981-11-26,43,Male,B+,24.5,"H.No. 257
Shere Nagar",572009,Heart Disease,98,99
2105,2106,P2106-8507-1,Jayant Sem,1985-07-21,39,Male,B+,24.8,"H.No. 623
Dara Circle",572010,Diabetes,101,100
2106,2107,P2107-8901-2,Zaina Chowdhury,1989-01-02,36,Female,O-,24.6,"03/106, Bhalla Marg",562004,Diabetes,99,64
2107,2108,P2108-8510-1,Shlok Jayaraman,1985-10-12,39,Male,O+,25.5,"H.No. 18
Sehgal Street",562006,Sleep Apnea,108,66
2108,2109,P2109-9703-2,Lavanya Sanghvi,1997-03-27,28,Female,A+,24.5,"56/79
Bedi Road",561008,Osteoporosis,98,58
2109,2110,P2110-8304-1,Fateh Dube,1983-04-11,42,Male,O+,26.6,"13, Chatterjee Nagar",571005,Diabetes,119,85
2110,2111,P2111-9005-2,Jayan Chad,1990-05-18,35,Female,O+,24.0,"H.No. 763, Raju Chowk",560108,Asthma,93,39
2111,2112,P2112-4708-2,Nitara Kale,1947-08-12,77,Female,A-,24.8,"H.No. 896, Boase Path",560020,Healthy,101,20
2112,2113,P2113-7712-2,Khushi Sem,1977-12-29,47,Female,O+,20.5,"82/012, Rajan Ganj",562008,Dementia,58,68
2113,2114,P2114-9509-2,Onkar Deep,1995-09-20,29,Female,O+,22.7,"53, Sama Nagar",560101,Osteoporosis,80,32
2114,2115,P2115-5112-1,Mannat Cherian,1951-12-05,73,Male,B+,24.4,"63/17, Dash Ganj",560027,Asthma,97,27
2115,2116,P2116-4208-2,Divit Kuruvilla,1942-08-12,82,Female,A+,24.8,"H.No. 080
Sharma Chowk",570001,Gout,101,71
2116,2117,P2117-9905-2,Sahil Dugar,1999-05-04,26,Female,O-,21.7,"H.No. 930, Manne Street",570006,Epilepsy,70,76
2117,2118,P2118-7011-1,Nehmat Shroff,1970-11-29,54,Male,A+,23.8,"H.No. 025, Gaba Chowk",561004,Epilepsy,91,54
2118,2119,P2119-7905-1,Zeeshan Dave,1979-05-12,46,Male,B+,26.7,"98/044, Wason Nagar",561010,Gout,120,60
2119,2120,P2120-4605-1,Riaan Grewal,1946-05-06,79,Male,O-,23.9,"70/256, Grover Zila",560007,Diabetes,92,7
2120,2121,P2121-6807-1,Lavanya Buch,1968-07-12,57,Male,A+,22.2,"H.No. 38, Acharya Path",560003,Sleep Apnea,75,3
2121,2122,P2122-8809-1,Hiran Jaggi,1988-09-20,36,Male,O+,21.9,"028, Tripathi",560023,Hypertension,72,23
2122,2123,P2123-9204-1,Zara Chand,1992-04-13,33,Male,B+,21.8,"80/92
Sibal Marg",560025,Diabetes,71,25
2123,2124,P2124-8711-1,Nirvi Karpe,1987-11-14,37,Male,B+,20.9,"H.No. 114, Chaudhuri Road",560101,Sleep Apnea,62,32
2124,2125,P2125-0201-2,Manjari Jani,2002-01-29,23,Female,B+,23.3,"843
Chandra Nagar",560012,Heart Disease,86,12
2125,2126,P2126-4108-1,Keya Sinha,1941-08-21,83,Male,O+,27.3,"15, Kashyap Marg",560023,Healthy,126,23
2126,2127,P2127-9607-2,Charvi Bahl,1996-07-14,28,Female,O+,20.5,"H.No. 95
Sani Marg",571007,Osteoporosis,58,87
2127,2128,P2128-6612-2,Suhana Saran,1966-12-08,58,Female,B+,23.7,"H.No. 27, Shah Road",560200,Asthma,90,41
2128,2129,P2129-7611-1,Jayesh Lala,1976-11-17,48,Male,B+,25.7,"67, Chowdhury Path",560007,Healthy,110,7
2129,2130,P2130-5311-2,Nayantara Acharya,1953-11-29,71,Female,AB+,24.0,"71
Sharma Chowk",570007,Depression,93,77
2130,2131,P2131-7206-2,Zain Agate,1972-06-03,53,Female,O-,24.1,"19/021
Subramanian Street",572006,Asthma,94,96
2131,2132,P2132-4210-1,Neysa Sankaran,1942-10-30,82,Male,A+,22.8,"75/92
Tiwari Ganj",560022,Healthy,81,22
2132,2133,P2133-9609-1,Shray Thaman,1996-09-07,28,Male,B+,22.8,"84/974, Jha Ganj",561003,Gout,81,53
2133,2134,P2134-7509-2,Saksham Bakshi,1975-09-07,49,Female,O-,26.1,"42/76
Banik Zila",560104,Epilepsy,114,35
2134,2135,P2135-4808-2,Shamik Baral,1948-08-07,76,Female,B-,25.1,"01/268
Dhaliwal Circle",560014,Gout,104,14
2135,2136,P2136-4011-1,Damini Ranganathan,1940-11-29,84,Male,O-,22.3,"H.No. 385
Tella Ganj",560028,Heart Disease,76,28
2136,2137,P2137-9109-2,Yuvaan Loyal,1991-09-27,33,Female,AB+,24.9,"H.No. 688, Iyer Chowk",560004,Gout,102,4
2137,2138,P2138-8201-1,Piya Bhatti,1982-01-10,43,Male,O+,30.1,"H.No. 617, Ahuja Ganj",560103,Diabetes,154,34
2138,2139,P2139-6511-2,Azad Viswanathan,1965-11-02,59,Female,B+,26.6,"H.No. 672, Gill Marg",560012,Asthma,119,12
2139,2140,P2140-7608-2,Manjari Manda,1976-08-05,48,Female,O+,23.9,"H.No. 15, Shenoy Road",562001,Healthy,92,61
2140,2141,P2141-7501-2,Urvi Swamy,1975-01-04,50,Female,O+,27.2,"27/983, Desai",562004,Gout,125,64
2141,2142,P2142-4702-2,Jivin Chawla,1947-02-12,78,Female,O+,25.0,"76
Kar Marg",561005,Asthma,103,55
2142,2143,P2143-9711-1,Anika Hora,1997-11-28,27,Male,O+,24.4,"42/357, Babu Path",560200,Heart Disease,97,41
2143,2144,P2144-4103-2,Romil Deshmukh,1941-03-04,84,Female,O+,27.1,"86/49
Andra Circle",560003,Epilepsy,124,3
2144,2145,P2145-4906-2,Jivin Kale,1949-06-01,76,Female,AB+,26.4,"25/326, Suresh Marg",560103,Gout,117,34
2145,2146,P2146-6712-1,Shayak Contractor,1967-12-16,57,Male,O+,27.6,"96/22, Bala Zila",561005,Depression,129,55
2146,2147,P2147-8506-1,Bhamini Dada,1985-06-25,40,Male,B+,23.4,"73
Goswami Ganj",561004,Heart Disease,87,54
2147,2148,P2148-5106-2,Zeeshan Dixit,1951-06-11,74,Female,B+,21.8,"H.No. 845, Ravel Road",560020,Osteoporosis,71,20
2148,2149,P2149-4708-1,Adira Mani,1947-08-25,77,Male,O+,27.7,"09/55, Handa Marg",572009,Asthma,130,99
2149,2150,P2150-8010-2,Kiaan Talwar,1980-10-17,44,Female,O+,24.3,"18/990
Kala Road",560206,Healthy,96,47
2150,2151,P2151-7905-1,Krish Gaba,1979-05-15,46,Male,A+,24.8,"H.No. 841, Anne Road",560006,Diabetes,101,6
2151,2152,P2152-6210-1,Kanav Sankaran,1962-10-16,62,Male,B+,27.3,"38, Arya",560018,Healthy,126,18
2152,2153,P2153-0401-2,Devansh Dani,2004-01-04,21,Female,O+,22.7,"H.No. 877, Sanghvi Road",570007,Hypertension,80,77
2153,2154,P2154-7312-1,Dhruv Kothari,1973-12-09,51,Male,AB+,25.9,"34/253, Garg Marg",572003,Healthy,112,93
2154,2155,P2155-5804-1,Pranay Gala,1958-04-16,67,Male,A+,22.1,"H.No. 18, Jani",570003,Asthma,74,73
2155,2156,P2156-8011-2,Anvi Sankaran,1980-11-03,44,Female,B+,24.8,"03/13, Gole Chowk",560001,Osteoporosis,101,1
2156,2157,P2157-4005-1,Amani Bir,1940-05-30,85,Male,O+,23.0,"37/353, Batta Street",560005,Asthma,83,5
2157,2158,P2158-4511-1,Dhanuk Gara,1945-11-22,79,Male,B+,21.3,"78
Tella Circle",560007,Depression,66,7
2158,2159,P2159-6405-1,Gatik Shukla,1964-05-20,61,Male,B+,26.9,"H.No. 17, Bera Road",572006,Heart Disease,122,96
2159,2160,P2160-7209-1,Divij Savant,1972-09-22,52,Male,A+,23.3,"H.No. 89
Gour",560109,Healthy,86,40
2160,2161,P2161-9706-2,Shanaya Gaba,1997-06-20,28,Female,B+,21.1,"91, Ganguly Road",572003,Gout,64,93
2161,2162,P2162-9204-2,Manikya Hans,1992-04-29,33,Female,O+,25.6,"235, Brar Nagar",560208,Asthma,109,49
2162,2163,P2163-8409-2,Keya Hans,1984-09-13,40,Female,O+,21.3,"21/032
Andra Street",570001,Depression,66,71
2163,2164,P2164-7302-1,Neysa Dhingra,1973-02-24,52,Male,O-,24.2,"H.No. 435
Tripathi Zila",572006,Sleep Apnea,95,96
2164,2165,P2165-0206-2,Aniruddh Kumar,2002-06-19,23,Female,B+,22.3,"96/77
Dutta Road",560107,Heart Disease,76,38
2165,2166,P2166-5904-2,Sana Dhillon,1959-04-28,66,Female,O+,25.1,"236, Barad Zila",560016,Healthy,104,16
2166,2167,P2167-7105-1,Amani Wason,1971-05-03,54,Male,O+,25.1,"H.No. 88
Lad Path",560203,Dementia,104,44
2167,2168,P2168-6406-1,Saira Kumar,1964-06-07,61,Male,A+,22.5,"20/62, Lanka Street",571005,Osteoporosis,78,85
2168,2169,P2169-6101-2,Kashvi Chacko,1961-01-19,64,Female,B+,22.6,"H.No. 396
Walla Chowk",560017,Asthma,79,17
2169,2170,P2170-7608-2,Nayantara Sidhu,1976-08-02,48,Female,B-,22.8,"99/394
Chokshi Ganj",562003,Asthma,81,63
2170,2171,P2171-5910-2,Myra Gokhale,1959-10-27,65,Female,O+,23.0,"45
Varghese Circle",571002,Osteoporosis,83,82
2171,2172,P2172-7707-2,Navya Mammen,1977-07-11,48,Female,B+,23.1,"85
Butala",560205,Gout,84,46
2172,2173,P2173-9703-1,Nitara Vaidya,1997-03-31,28,Male,A+,22.9,"34/989, Sarma Street",560001,Hypertension,82,1
2173,2174,P2174-5910-1,Eshani Kalita,1959-10-18,65,Male,O-,24.3,"18/90, Ramanathan Road",571010,Dementia,96,90
2174,2175,P2175-6301-1,Nirvi Arora,1963-01-22,62,Male,O-,24.4,"H.No. 64
Choudhury Street",560010,Gout,97,10
2175,2176,P2176-7505-1,Pranay Kashyap,1975-05-29,50,Male,B+,23.1,"488, Bora Path",571003,Depression,84,83
2176,2177,P2177-8312-2,Ahana  Hayer,1983-12-19,41,Female,O+,23.3,"11
Mall Nagar",560012,Dementia,86,12
2177,2178,P2178-5903-2,Ivana Varkey,1959-03-04,66,Female,O+,26.0,"23/067
Gera Chowk",560030,Healthy,113,30
2178,2179,P2179-5804-2,Gokul Chand,1958-04-10,67,Female,O+,22.3,"H.No. 12
Boase Ganj",562010,Depression,76,70
2179,2180,P2180-5112-1,Yasmin Srinivasan,1951-12-19,73,Male,B+,25.9,"27
Sani Zila",560028,Depression,112,28
2180,2181,P2181-9208-1,Hunar Swamy,1992-08-20,32,Male,O+,26.9,"93
Sankar Road",560006,Sleep Apnea,122,6
2181,2182,P2182-8907-2,Priyansh Salvi,1989-07-19,35,Female,AB+,23.9,"89
Bobal Chowk",572005,Epilepsy,92,95
2182,2183,P2183-8706-2,Veer Sawhney,1987-06-21,38,Female,O+,24.2,"484
Ray Zila",572010,Healthy,95,100
2183,2184,P2184-8908-2,Divij Mani,1989-08-30,35,Female,A-,28.5,"098, Rajagopal Ganj",571010,Healthy,138,90
2184,2185,P2185-4204-1,Piya Acharya,1942-04-06,83,Male,O+,25.2,"H.No. 242
De Path",570009,Dementia,105,79
2185,2186,P2186-4610-2,Hunar Dasgupta,1946-10-15,78,Female,A+,24.6,"H.No. 854
Raval Nagar",560014,Diabetes,99,14
2186,2187,P2187-7008-1,Misha Balasubramanian,1970-08-18,54,Male,A+,22.3,"H.No. 544
Vig Chowk",562007,Epilepsy,76,67
2187,2188,P2188-7701-2,Vanya Magar,1977-01-04,48,Female,A+,23.9,"51/883, Hans Ganj",571003,Asthma,92,83
2188,2189,P2189-8206-1,Diya Balasubramanian,1982-06-19,43,Male,O+,21.1,"H.No. 21, Sinha Marg",561010,Dementia,64,60
2189,2190,P2190-5205-2,Arnav Dayal,1952-05-16,73,Female,O+,27.6,"44/21, Shah Circle",560002,Depression,129,2
2190,2191,P2191-7405-1,Oorja Andra,1974-05-29,51,Male,A+,23.1,"162, Singhal Circle",570001,Healthy,84,71
2191,2192,P2192-8104-2,Amani Rastogi,1981-04-01,44,Female,O+,20.3,"H.No. 392
Varughese Zila",562004,Sleep Apnea,56,64
2192,2193,P2193-5112-1,Nakul Bail,1951-12-01,73,Male,A-,25.3,"67
Banik Circle",570001,Asthma,106,71
2193,2194,P2194-6310-2,Kabir Sathe,1963-10-28,61,Female,O+,26.6,"77/043, Ramachandran Chowk",570009,Dementia,119,79
2194,2195,P2195-8112-2,Charvi Iyengar,1981-12-03,43,Female,O+,24.3,"66, Rattan Circle",560207,Osteoporosis,96,48
2195,2196,P2196-4406-2,Romil Saxena,1944-06-02,81,Female,A-,21.5,"59
Bandi Nagar",561010,Dementia,68,60
2196,2197,P2197-7902-1,Siya Sama,1979-02-13,46,Male,O+,25.3,"26/07, Bhatnagar Chowk",561004,Depression,106,54
2197,2198,P2198-4803-1,Indrans Lala,1948-03-04,77,Male,A+,26.1,"39/772
Dave Path",560010,Heart Disease,114,10
2198,2199,P2199-9903-1,Baiju Chopra,1999-03-07,26,Male,O-,23.4,"421, Garg Zila",560020,Osteoporosis,87,20
2199,2200,P2200-9201-2,Jayesh Upadhyay,1992-01-14,33,Female,B+,24.8,"335
Dewan Road",571006,Gout,101,86
2200,2201,P2201-7012-2,Saksham Bhatt,1970-12-03,54,Female,O+,26.0,"78
Dyal Marg",571005,Asthma,113,85
2201,2202,P2202-9003-1,Saanvi Devan,1990-03-10,35,Male,O+,27.3,"H.No. 722, Baral Zila",560019,Asthma,126,19
2202,2203,P2203-7010-2,Ivana Choudhary,1970-10-23,54,Female,A+,23.7,"48/709
Walla Circle",562005,Healthy,90,65
2203,2204,P2204-4103-1,Shlok Tiwari,1941-03-18,84,Male,A+,22.6,"H.No. 300
Bala Zila",560010,Sleep Apnea,79,10
2204,2205,P2205-4811-1,Faiyaz Magar,1948-11-18,76,Male,A+,23.2,"19/34
Salvi Path",561005,Heart Disease,85,55
2205,2206,P2206-5709-2,Parinaaz Balan,1957-09-14,67,Female,O-,25.1,"66, Raman Road",560021,Sleep Apnea,104,21
2206,2207,P2207-5307-2,Taran Manne,1953-07-26,71,Female,AB+,25.1,"10/33
Chana Road",560025,Diabetes,104,25
2207,2208,P2208-9602-2,Hansh Rajan,1996-02-28,29,Female,O+,22.1,"21/234
Ratti Circle",561009,Asthma,74,59
2208,2209,P2209-4407-2,Arnav Sankar,1944-07-12,81,Female,AB+,23.8,"845, Krishna Marg",560207,Heart Disease,91,48
2209,2210,P2210-5110-2,Zaina Lata,1951-10-02,73,Female,O+,22.1,"387
Khosla Street",561008,Heart Disease,74,58
2210,2211,P2211-6211-2,Yakshit Kapur,1962-11-10,62,Female,B+,27.8,"472
Bhatnagar Ganj",560007,Heart Disease,131,7
2211,2212,P2212-6607-1,Zeeshan Chhabra,1966-07-17,58,Male,O+,23.9,"57/79
Dara Path",572005,Gout,92,95
2212,2213,P2213-8712-1,Miraan Kalita,1987-12-23,37,Male,A+,24.8,"H.No. 41
Mannan Nagar",560201,Asthma,101,42
2213,2214,P2214-8106-2,Aarush Hegde,1981-06-28,44,Female,O+,24.2,"36, Ramaswamy Path",561008,Dementia,95,58
2214,2215,P2215-9606-2,Onkar Joshi,1996-06-03,29,Female,O-,24.8,"H.No. 17
Mallick Zila",571010,Healthy,101,90
2215,2216,P2216-4212-1,Jiya Varma,1942-12-04,82,Male,O+,26.1,"68/48
Deshmukh Marg",560204,Healthy,114,45
2216,2217,P2217-8704-1,Tarini Rastogi,1987-04-29,38,Male,B+,24.8,"312
Rastogi Circle",560011,Osteoporosis,101,11
2217,2218,P2218-4311-2,Saira Bhardwaj,1943-11-24,81,Female,A-,24.2,"H.No. 161
Bhattacharyya Path",560024,Hypertension,95,24
2218,2219,P2219-6003-1,Reyansh Mand,1960-03-10,65,Male,B+,26.0,"H.No. 929, Das Path",560108,Hypertension,113,39
2219,2220,P2220-0412-2,Ritvik Kata,2004-12-12,20,Female,O+,27.9,"77/33, Bava Circle",572004,Osteoporosis,132,94
2220,2221,P2221-7806-2,Mehul Apte,1978-06-14,47,Female,A+,27.5,"92/07, Sunder Zila",560204,Depression,128,45
2221,2222,P2222-5410-2,Miraan Goyal,1954-10-29,70,Female,O+,17.8,"60/01, D’Alia Nagar",571005,Osteoporosis,31,85
2222,2223,P2223-7407-2,Kiara Chad,1974-07-31,50,Female,A+,23.5,"72
Datta Nagar",572005,Heart Disease,88,95
2223,2224,P2224-8301-1,Kiara Dutta,1983-01-12,42,Male,AB+,24.5,"318, Brar Ganj",560205,Heart Disease,98,46
2224,2225,P2225-8504-1,Tushar Grewal,1985-04-11,40,Male,A+,22.9,"67/60, Gade Nagar",560026,Healthy,82,26
2225,2226,P2226-5105-2,Arnav Dara,1951-05-29,74,Female,O+,26.1,"54/029
Toor",560104,Gout,114,35
2226,2227,P2227-7503-1,Hazel Iyengar,1975-03-21,50,Male,O-,25.5,"342
Hayre Path",562003,Diabetes,108,63
2227,2228,P2228-9402-1,Rasha Sachdeva,1994-02-01,31,Male,AB-,22.9,"04/292
Hari Nagar",570009,Dementia,82,79
2228,2229,P2229-9904-2,Jivin Sodhi,1999-04-28,26,Female,O+,20.6,"17/826, Bava Zila",570002,Heart Disease,59,72
2229,2230,P2230-5701-1,Amira Reddy,1957-01-07,68,Male,B+,24.0,"H.No. 11
Keer Chowk",562010,Asthma,93,70
2230,2231,P2231-9110-2,Diya Dash,1991-10-28,33,Female,A-,22.2,"12
De Circle",560205,Asthma,75,46
2231,2232,P2232-5008-1,Pihu Soni,1950-08-06,74,Male,A+,25.6,"H.No. 259, Chandra Circle",571002,Asthma,109,82
2232,2233,P2233-9903-1,Hunar Sood,1999-03-19,26,Male,B+,26.7,"918
Varkey Street",570003,Epilepsy,120,73
2233,2234,P2234-8603-1,Aayush Chhabra,1986-03-14,39,Male,B-,25.7,"29/672, Bhasin Circle",562003,Osteoporosis,110,63
2234,2235,P2235-7008-2,Oorja Ben,1970-08-03,54,Female,O+,23.8,"536
Sahota Path",562001,Sleep Apnea,91,61
2235,2236,P2236-7303-1,Rohan Srinivasan,1973-03-04,52,Male,O+,24.4,"H.No. 097, Kamdar Circle",560016,Asthma,97,16
2236,2237,P2237-7008-2,Raghav Krishna,1970-08-02,54,Female,B-,25.2,"77, Kamdar Marg",571006,Heart Disease,105,86
2237,2238,P2238-7010-1,Sana Kari,1970-10-06,54,Male,A-,23.8,"97/62
Rana Zila",560026,Diabetes,91,26
2238,2239,P2239-6303-1,Renee Kant,1963-03-23,62,Male,B+,24.6,"36/96, Halder Chowk",562006,Osteoporosis,99,66
2239,2240,P2240-9211-2,Jhanvi Chakrabarti,1992-11-21,32,Female,A+,21.4,"77/661
Kumer Road",560207,Asthma,67,48
2240,2241,P2241-5106-2,Nitya Kothari,1951-06-24,74,Female,A-,25.6,"H.No. 43, Baria Ganj",561009,Asthma,109,59
2241,2242,P2242-4201-2,Myra De,1942-01-30,83,Female,B+,28.0,"20, Tank Marg",560107,Epilepsy,133,38
2242,2243,P2243-8001-2,Mohanlal Grover,1980-01-28,45,Female,O+,21.3,"69
Kaur Ganj",560103,Depression,66,34
2243,2244,P2244-6407-1,Shanaya Khurana,1964-07-17,60,Male,O+,23.1,"H.No. 78
Chandran Path",560102,Diabetes,84,33
2244,2245,P2245-8712-1,Aaina Saini,1987-12-04,37,Male,B+,21.5,"H.No. 722, Varty Chowk",560105,Osteoporosis,68,36
2245,2246,P2246-6905-2,Saira Garg,1969-05-17,56,Female,AB+,22.4,"14/15
Comar Marg",560209,Dementia,77,50
2246,2247,P2247-5302-2,Vaibhav Badami,1953-02-16,72,Female,B+,23.8,"H.No. 922
Char Chowk",560201,Dementia,91,42
2247,2248,P2248-7702-2,Nitara Ram,1977-02-26,48,Female,O-,23.9,"22/08, Saraf Nagar",572003,Osteoporosis,92,93
2248,2249,P2249-5305-1,Advik Soni,1953-05-31,72,Male,A-,21.3,"H.No. 23
Comar Path",572010,Epilepsy,66,100
2249,2250,P2250-8609-2,Pranay Bandi,1986-09-18,38,Female,B+,16.8,"71/992, Dhaliwal Marg",560016,Heart Disease,21,16
2250,2251,P2251-9004-1,Himmat Srinivasan,1990-04-08,35,Male,O+,26.7,"35/442
Ray Street",560105,Osteoporosis,120,36
2251,2252,P2252-5808-2,Inaaya  Dhar,1958-08-22,66,Female,B+,23.0,"H.No. 538
Sagar Marg",560108,Osteoporosis,83,39
2252,2253,P2253-6204-1,Indrans Sandal,1962-04-24,63,Male,B+,25.0,"H.No. 35, Varma Ganj",571009,Osteoporosis,103,89
2253,2254,P2254-8310-2,Arhaan Lata,1983-10-22,41,Female,A+,26.9,"H.No. 38, Devan",562009,Dementia,122,69
2254,2255,P2255-9810-1,Sahil Sachar,1998-10-20,26,Male,O+,26.0,"H.No. 980
Das Marg",560104,Dementia,113,35
2255,2256,P2256-4201-2,Hridaan Babu,1942-01-30,83,Female,B-,23.4,"60/446
Bhargava Road",560106,Dementia,87,37
2256,2257,P2257-9506-1,Rasha Ahuja,1995-06-04,30,Male,O-,24.2,"03/07
Hayer Chowk",570010,Gout,95,80
2257,2258,P2258-7808-1,Shayak Ravi,1978-08-01,46,Male,O+,23.4,"H.No. 68, Gera Marg",570004,Depression,87,74
2258,2259,P2259-5108-1,Advik Khatri,1951-08-31,73,Male,AB+,20.7,"20/548, Tak Ganj",561003,Dementia,60,53
2259,2260,P2260-9805-1,Nakul Rajagopal,1998-05-19,27,Male,O+,22.2,"H.No. 63, Suresh Ganj",560103,Dementia,75,34
2260,2261,P2261-9008-1,Farhan Kata,1990-08-20,34,Male,AB+,20.5,"H.No. 45
Manne Chowk",560015,Depression,58,15
2261,2262,P2262-6612-1,Adah Goda,1966-12-02,58,Male,O+,21.8,"76
Sundaram Street",560010,Epilepsy,71,10
2262,2263,P2263-9912-1,Anika Kota,1999-12-19,25,Male,O+,26.0,"652
Sane Road",560023,Osteoporosis,113,23
2263,2264,P2264-6612-1,Advika Bhakta,1966-12-10,58,Male,O+,25.5,"H.No. 34
Andra Street",560106,Sleep Apnea,108,37
2264,2265,P2265-7901-1,Divij Lall,1979-01-01,46,Male,A-,23.1,"13/716
Chandra Road",572002,Hypertension,84,92
2265,2266,P2266-4209-1,Raghav Rama,1942-09-03,82,Male,A+,23.1,"58/02, Bail Circle",572002,Healthy,84,92
2266,2267,P2267-5903-1,Adira Aurora,1959-03-01,66,Male,B+,25.2,"H.No. 59, Mall Zila",561010,Heart Disease,105,60
2267,2268,P2268-7607-2,Baiju Sandhu,1976-07-01,49,Female,O+,23.5,"144, Hari Zila",560102,Dementia,88,33
2268,2269,P2269-5012-1,Dishani Thakkar,1950-12-28,74,Male,O+,25.4,"H.No. 06, Raja",560024,Dementia,107,24
2269,2270,P2270-7106-1,Anaya Korpal,1971-06-27,54,Male,A+,20.5,"983, Kulkarni Nagar",560028,Gout,58,28
2270,2271,P2271-9611-2,Indrajit Bose,1996-11-12,28,Female,A+,24.1,"38/23
Dugar Ganj",572003,Sleep Apnea,94,93
2271,2272,P2272-4411-1,Hazel Varkey,1944-11-26,80,Male,O+,23.8,"15/35
Sidhu Chowk",561006,Epilepsy,91,56
2272,2273,P2273-5803-1,Farhan Ganesh,1958-03-20,67,Male,O-,23.3,"83/34
Mani Nagar",562010,Dementia,86,70
2273,2274,P2274-4108-2,Hiran Dubey,1941-08-30,83,Female,B-,21.9,"H.No. 36, Walla Street",570003,Asthma,72,73
2274,2275,P2275-5609-1,Mohanlal Grover,1956-09-15,68,Male,O-,25.5,"88
Mallick Road",572004,Gout,108,94
2275,2276,P2276-4612-2,Gokul Yogi,1946-12-21,78,Female,B-,25.0,"H.No. 29, Balay Street",571005,Heart Disease,103,85
2276,2277,P2277-0012-2,Tanya Kumer,2000-12-09,24,Female,O+,25.0,"53/954, Chada Circle",560201,Heart Disease,103,42
2277,2278,P2278-9605-1,Armaan Chaudhry,1996-05-17,29,Male,A+,27.2,"86/888
Bose Nagar",562006,Diabetes,125,66
2278,2279,P2279-6201-1,Zara Gala,1962-01-22,63,Male,O+,21.7,"55/93
Ravel Road",560100,Depression,70,31
2279,2280,P2280-4904-2,Kiaan Gala,1949-04-25,76,Female,AB+,21.6,"64/68
Lata Road",571004,Depression,69,84
2280,2281,P2281-6005-1,Sana Subramaniam,1960-05-27,65,Male,B+,21.9,"31/24, Chowdhury Circle",561006,Asthma,72,56
2281,2282,P2282-8710-2,Advika Sastry,1987-10-17,37,Female,O+,26.1,"08
Upadhyay Nagar",571005,Heart Disease,114,85
2282,2283,P2283-0305-1,Siya Jha,2003-05-30,22,Male,B+,21.2,"43/93, Wali Marg",562006,Sleep Apnea,65,66
2283,2284,P2284-7612-2,Rohan Master,1976-12-02,48,Female,B-,28.7,"723
Issac Marg",562005,Sleep Apnea,140,65
2284,2285,P2285-0311-1,Badal Shankar,2003-11-20,21,Male,O-,22.9,"97/36
Tiwari Street",572007,Heart Disease,82,97
2285,2286,P2286-6503-2,Krish Sawhney,1965-03-28,60,Female,O+,22.4,"80, Master Chowk",560108,Dementia,77,39
2286,2287,P2287-6705-2,Jhanvi Kade,1967-05-27,58,Female,A-,22.2,"340
Hayre Nagar",562003,Osteoporosis,75,63
2287,2288,P2288-0402-1,Indrans Sankaran,2004-02-06,21,Male,B-,24.7,"805, Jain Path",570006,Heart Disease,100,76
2288,2289,P2289-6508-1,Lakshay Chaudhry,1965-08-09,59,Male,A+,23.4,"983, Devi Marg",560102,Diabetes,87,33
2289,2290,P2290-6011-2,Siya Sastry,1960-11-22,64,Female,B+,24.0,"81
Khurana Chowk",562004,Epilepsy,93,64
2290,2291,P2291-6509-2,Jayant Ranganathan,1965-09-24,59,Female,AB+,24.4,"02/899
Bhat Zila",570008,Sleep Apnea,97,78
2291,2292,P2292-8304-1,Kiaan Varty,1983-04-08,42,Male,A+,23.6,"H.No. 108
Khurana Road",561001,Gout,89,51
2292,2293,P2293-0011-1,Vanya Basu,2000-11-13,24,Male,O+,24.9,"86
Khanna Road",571010,Sleep Apnea,102,90
2293,2294,P2294-8810-1,Ritvik Samra,1988-10-09,36,Male,O+,21.6,"87/301
Gara Road",560019,Gout,69,19
2294,2295,P2295-9308-1,Yuvraj  Mane,1993-08-30,31,Male,O-,22.8,"465
Sha Nagar",560206,Diabetes,81,47
2295,2296,P2296-6407-2,Anya Bhat,1964-07-29,60,Female,A+,24.4,"08/633, Ghose Nagar",571005,Asthma,97,85
2296,2297,P2297-9407-2,Miraan Vig,1994-07-18,30,Female,B+,27.2,"027
Srinivas Zila",560003,Diabetes,125,3
2297,2298,P2298-0206-1,Vivaan Kulkarni,2002-06-28,23,Male,B+,22.7,"87, Konda Chowk",560009,Hypertension,80,9
2298,2299,P2299-6203-1,Kiaan Sibal,1962-03-09,63,Male,O+,23.9,"142, Edwin Chowk",571008,Osteoporosis,92,88
2299,2300,P2300-9102-1,Charvi Goswami,1991-02-14,34,Male,O+,21.1,"26
Sridhar Street",560022,Dementia,64,22
2300,2301,P2301-8703-1,Anahita Yogi,1987-03-30,38,Male,B+,25.5,"33/31, Chandran Street",560028,Gout,108,28
2301,2302,P2302-8508-1,Vardaniya Lata,1985-08-11,39,Male,O-,24.2,"72/85
Chanda",572007,Dementia,95,97
2302,2303,P2303-5512-1,Riaan Vig,1955-12-27,69,Male,O+,24.3,"H.No. 04
Dora Nagar",560010,Healthy,96,10
2303,2304,P2304-4312-2,Arnav Lata,1943-12-06,81,Female,O+,26.5,"43/43, Butala Road",571008,Asthma,118,88
2304,2305,P2305-6505-1,Yuvraj  Rajan,1965-05-10,60,Male,O+,27.8,"346, Aggarwal Circle",560008,Epilepsy,131,8
2305,2306,P2306-5302-2,Lavanya Karan,1953-02-19,72,Female,O+,22.8,"411, Bhalla Ganj",560001,Healthy,81,1
2306,2307,P2307-6207-1,Navya Vala,1962-07-13,63,Male,A-,23.2,"16
Ram Zila",560017,Healthy,85,17
2307,2308,P2308-5510-1,Jayant Khanna,1955-10-02,69,Male,O+,26.4,"08/44, Chokshi Road",571008,Osteoporosis,117,88
2308,2309,P2309-4605-1,Dharmajan Mandal,1946-05-31,79,Male,O+,23.5,"55/45
Sankaran Street",560200,Sleep Apnea,88,41
2309,2310,P2310-8007-2,Ryan Sankar,1980-07-21,44,Female,B-,23.0,"02/46, Kohli Circle",560008,Sleep Apnea,83,8
2310,2311,P2311-7112-1,Darshit Bhatnagar,1971-12-08,53,Male,A+,20.8,"99
Bhandari Street",561003,Dementia,61,53
2311,2312,P2312-5203-2,Farhan Rao,1952-03-26,73,Female,A+,22.4,"40/01
Dass Marg",560025,Epilepsy,77,25
2312,2313,P2313-8505-2,Hrishita Devi,1985-05-19,40,Female,O+,23.4,"38, Dora Street",561008,Epilepsy,87,58
2313,2314,P2314-9012-1,Nitya Sharaf,1990-12-13,34,Male,A+,24.9,"H.No. 99, Sura",571005,Diabetes,102,85
2314,2315,P2315-4802-1,Bhavin Badami,1948-02-03,77,Male,A-,23.3,"60/33, Kala",562010,Gout,86,70
2315,2316,P2316-9707-1,Ayesha Chandra,1997-07-23,27,Male,B+,21.7,"90, Bajaj Road",571009,Heart Disease,70,89
2316,2317,P2317-5003-2,Kavya Bala,1950-03-04,75,Female,O+,27.9,"22, Verma Ganj",560026,Asthma,132,26
2317,2318,P2318-6405-1,Heer Bansal,1964-05-18,61,Male,O+,24.2,"H.No. 70, Jhaveri Circle",560028,Heart Disease,95,28
2318,2319,P2319-5909-1,Madhup Sekhon,1959-09-22,65,Male,B+,23.1,"H.No. 12, Suri Road",560013,Depression,84,13
2319,2320,P2320-9507-1,Hunar Ghosh,1995-07-16,29,Male,B+,25.3,"H.No. 08
Cherian Chowk",570001,Epilepsy,106,71
2320,2321,P2321-0001-1,Bhavin Lall,2000-01-13,25,Male,AB+,21.8,"63/39
Suresh Ganj",572001,Heart Disease,71,91
2321,2322,P2322-7710-2,Taran Ahuja,1977-10-24,47,Female,A-,22.5,"11/611
Shankar Path",572004,Osteoporosis,78,94
2322,2323,P2323-8908-1,Pranay Bajaj,1989-08-03,35,Male,O+,21.4,"588
Dixit Marg",560102,Diabetes,67,33
2323,2324,P2324-5308-2,Eshani Mammen,1953-08-28,71,Female,A+,24.9,"H.No. 21, Khare Zila",570003,Sleep Apnea,102,73
2324,2325,P2325-7104-1,Mahika Kothari,1971-04-06,54,Male,B+,23.4,"H.No. 571, Dutt",562009,Epilepsy,87,69
2325,2326,P2326-7210-1,Jayan Bhagat,1972-10-18,52,Male,O+,24.3,"32/021
Malhotra Circle",560101,Epilepsy,96,32
2326,2327,P2327-4404-2,Advik Shenoy,1944-04-01,81,Female,A+,25.0,"H.No. 83
Char Circle",560020,Asthma,103,20
2327,2328,P2328-4211-1,Hazel Raman,1942-11-29,82,Male,B+,21.7,"02
Sundaram Nagar",560018,Heart Disease,70,18
2328,2329,P2329-4203-1,Onkar Baria,1942-03-07,83,Male,O-,24.0,"665, Comar Chowk",560020,Depression,93,20
2329,2330,P2330-7110-1,Purab Ramesh,1971-10-22,53,Male,O+,24.4,"H.No. 70, Bora Zila",560023,Gout,97,23
2330,2331,P2331-0109-2,Kiara Jayaraman,2001-09-14,23,Female,A+,22.9,"19/363
Kamdar",560028,Asthma,82,28
2331,2332,P2332-7012-1,Romil Dugar,1970-12-18,54,Male,O-,26.9,"H.No. 41
Raman Chowk",560200,Healthy,122,41
2332,2333,P2333-9002-2,Ivan Randhawa,1990-02-10,35,Female,B+,22.8,"195, Anand Street",560011,Depression,81,11
2333,2334,P2334-4603-2,Anahi Guha,1946-03-28,79,Female,A+,23.1,"H.No. 122
Karan Nagar",562005,Hypertension,84,65
2334,2335,P2335-8908-1,Armaan Gill,1989-08-24,35,Male,O-,26.0,"H.No. 59, Bhattacharyya Road",571004,Hypertension,113,84
2335,2336,P2336-7104-1,Aarav Bhardwaj,1971-04-06,54,Male,O+,25.3,"H.No. 568
Rege Street",571004,Hypertension,106,84
2336,2337,P2337-7606-1,Aayush Karpe,1976-06-10,49,Male,O+,25.3,"29/12
Raju Chowk",572004,Hypertension,106,94
2337,2338,P2338-6406-2,Advika Ahluwalia,1964-06-21,61,Female,B+,27.5,"76/103
Jaggi Ganj",572001,Osteoporosis,128,91
2338,2339,P2339-5602-1,Ishita Sarna,1956-02-22,69,Male,O+,23.9,"H.No. 47, Cheema Ganj",561007,Gout,92,57
2339,2340,P2340-4602-2,Rohan Sarkar,1946-02-12,79,Female,B+,25.4,"542
Som Nagar",570005,Gout,107,75
2340,2341,P2341-4111-1,Nehmat Dhar,1941-11-30,83,Male,A+,25.3,"H.No. 86, Hora Circle",571008,Gout,106,88
2341,2342,P2342-5711-1,Anahi Kota,1957-11-23,67,Male,AB+,27.6,"H.No. 809
Sastry Nagar",561004,Healthy,129,54
2342,2343,P2343-6309-2,Mohanlal Kala,1963-09-16,61,Female,O+,24.7,"378, Venkataraman Chowk",571001,Hypertension,100,81
2343,2344,P2344-4806-2,Bhavin Bhagat,1948-06-30,77,Female,B-,21.8,"09
Rana Ganj",560014,Sleep Apnea,71,14
2344,2345,P2345-6607-2,Riaan Sabharwal,1966-07-16,59,Female,O+,24.1,"87/62, Sibal Circle",560003,Asthma,94,3
2345,2346,P2346-7403-2,Anika Basak,1974-03-25,51,Female,O+,29.0,"17/621, Handa",560015,Diabetes,143,15
2346,2347,P2347-6403-1,Sara Saraf,1964-03-02,61,Male,A+,24.7,"261, Handa",570010,Diabetes,100,80
2347,2348,P2348-7411-1,Adira Kapur,1974-11-27,50,Male,O+,23.2,"95/617, Wable Nagar",560207,Heart Disease,85,48
2348,2349,P2349-8710-1,Aaina Ravel,1987-10-25,37,Male,A-,23.9,"07, Keer Marg",570010,Healthy,92,80
2349,2350,P2350-8806-1,Shray Kumar,1988-06-14,37,Male,A+,25.2,"22/377
Tata",560201,Depression,105,42
2350,2351,P2351-7711-1,Ela Arya,1977-11-12,47,Male,A-,23.9,"H.No. 51
Madan Nagar",560209,Epilepsy,92,50
2351,2352,P2352-7310-2,Mishti Sachdev,1973-10-23,51,Female,O+,22.5,"H.No. 144, Ramachandran Zila",562010,Hypertension,78,70
2352,2353,P2353-0210-1,Yashvi Deep,2002-10-13,22,Male,AB+,28.1,"H.No. 62, Datta",570001,Healthy,134,71
2353,2354,P2354-0205-1,Tejas Kari,2002-05-13,23,Male,A-,27.1,"41/94, Kuruvilla Nagar",561003,Epilepsy,124,53
2354,2355,P2355-9811-2,Advik Tandon,1998-11-26,26,Female,B-,27.9,"72/196, Rau",560021,Osteoporosis,132,21
2355,2356,P2356-4106-2,Dhanush Andra,1941-06-03,84,Female,O+,23.0,"256
Srinivasan",572007,Gout,83,97
2356,2357,P2357-9511-1,Dharmajan Agate,1995-11-16,29,Male,O+,24.2,"475
Iyengar Chowk",560004,Diabetes,95,4
2357,2358,P2358-5807-2,Jayesh Char,1958-07-17,67,Female,O+,21.6,"H.No. 26, Golla Nagar",560105,Hypertension,69,36
2358,2359,P2359-7405-2,Veer Bedi,1974-05-04,51,Female,O+,22.4,"917, Iyer",560016,Healthy,77,16
2359,2360,P2360-6004-2,Damini Ganguly,1960-04-02,65,Female,A+,25.0,"57
Sankar Ganj",572006,Gout,103,96
2360,2361,P2361-7808-1,Aayush Buch,1978-08-24,46,Male,B+,23.2,"52/485
Sastry",560027,Gout,85,27
2361,2362,P2362-7211-1,Romil Iyer,1972-11-17,52,Male,O-,22.2,"776
Upadhyay Nagar",572009,Dementia,75,99
2362,2363,P2363-9902-2,Uthkarsh Kumar,1999-02-07,26,Female,B+,25.3,"H.No. 629
Vyas Nagar",560012,Diabetes,106,12
2363,2364,P2364-5110-2,Advik Mane,1951-10-04,73,Female,B+,22.1,"624
Thakur Path",560206,Hypertension,74,47
2364,2365,P2365-7904-2,Sahil Bakshi,1979-04-15,46,Female,B+,23.8,"H.No. 55, Tata Zila",571010,Healthy,91,90
2365,2366,P2366-0412-2,Urvi Gill,2004-12-29,20,Female,A-,23.8,"31/040, Kannan Nagar",560109,Healthy,91,40
2366,2367,P2367-7302-1,Khushi Chandra,1973-02-28,52,Male,A+,23.6,"H.No. 204, Singh Circle",560028,Hypertension,89,28
2367,2368,P2368-5411-2,Prerak Jha,1954-11-15,70,Female,O+,27.2,"H.No. 85, Srinivas",572009,Heart Disease,125,99
2368,2369,P2369-8710-2,Shaan Arora,1987-10-09,37,Female,O+,22.6,"83/365, Kant Path",560020,Gout,79,20
2369,2370,P2370-9404-2,Tanya Wali,1994-04-10,31,Female,O+,24.2,"35
Sarna Path",562010,Asthma,95,70
2370,2371,P2371-7605-1,Aarav Deep,1976-05-21,49,Male,O+,27.0,"H.No. 17
Tata Chowk",571004,Sleep Apnea,123,84
2371,2372,P2372-8305-2,Pranay Arora,1983-05-05,42,Female,O+,23.9,"86/982, Gera",560203,Heart Disease,92,44
2372,2373,P2373-4503-1,Alisha Kaur,1945-03-26,80,Male,AB+,24.1,"01/21, Thakkar Chowk",560015,Osteoporosis,94,15
2373,2374,P2374-7608-1,Pranay Saha,1976-08-18,48,Male,A+,23.8,"H.No. 968, Goswami Chowk",570010,Healthy,91,80
2374,2375,P2375-0111-1,Stuvan Solanki,2001-11-25,23,Male,A+,25.2,"H.No. 39, Subramaniam Street",560029,Depression,105,29
2375,2376,P2376-9905-2,Saksham Sawhney,1999-05-05,26,Female,B+,24.5,"71, Babu Street",560101,Asthma,98,32
2376,2377,P2377-8209-2,Inaaya  Gour,1982-09-18,42,Female,A-,22.0,"057
Sahota Chowk",560011,Healthy,73,11
2377,2378,P2378-0207-1,Gokul Rout,2002-07-27,22,Male,O+,25.3,"270, Gade Road",560026,Heart Disease,106,26
2378,2379,P2379-0308-2,Aradhya Lala,2003-08-13,21,Female,B+,26.1,"458
Butala Road",560103,Epilepsy,114,34
2379,2380,P2380-7704-1,Anika Raju,1977-04-06,48,Male,O+,24.5,"49/13, Sant Circle",561002,Sleep Apnea,98,52
2380,2381,P2381-7802-2,Hiran Dara,1978-02-04,47,Female,O+,25.2,"H.No. 95, Agarwal Ganj",560209,Asthma,105,50
2381,2382,P2382-6911-1,Advika Tripathi,1969-11-14,55,Male,A-,24.4,"H.No. 35
Venkatesh Street",561010,Asthma,97,60
2382,2383,P2383-9104-1,Renee Khanna,1991-04-13,34,Male,O+,23.3,"056, Rout Zila",561004,Asthma,86,54
2383,2384,P2384-8210-1,Rasha Bhakta,1982-10-12,42,Male,O+,26.2,"59/192, Mane",571003,Osteoporosis,115,83
2384,2385,P2385-8101-2,Urvi Subramaniam,1981-01-28,44,Female,O+,27.3,"24/62, Bajaj Road",570006,Diabetes,126,76
2385,2386,P2386-7101-1,Yashvi Bhasin,1971-01-25,54,Male,A+,24.1,"H.No. 17, Talwar Zila",570005,Gout,94,75
2386,2387,P2387-6005-2,Vaibhav Keer,1960-05-23,65,Female,B+,23.9,"H.No. 147
Bumb Zila",571007,Heart Disease,92,87
2387,2388,P2388-4901-2,Adira Sodhi,1949-01-15,76,Female,A+,22.9,"88/178, Kothari Street",572009,Osteoporosis,82,99
2388,2389,P2389-8708-2,Kartik Joshi,1987-08-23,37,Female,O+,22.9,"830, Randhawa Zila",561010,Diabetes,82,60
2389,2390,P2390-8707-2,Ranbir Raja,1987-07-11,38,Female,B+,23.1,"48
Khanna Circle",562002,Dementia,84,62
2390,2391,P2391-6311-1,Aradhya Raval,1963-11-10,61,Male,O+,23.2,"382, Dayal Ganj",571008,Healthy,85,88
2391,2392,P2392-8206-1,Jiya Sachdeva,1982-06-14,43,Male,O+,26.7,"220
Halder Chowk",560108,Epilepsy,120,39
2392,2393,P2393-7503-2,Madhav Lata,1975-03-02,50,Female,B+,21.2,"91/246, Chandra Ganj",572009,Epilepsy,65,99
2393,2394,P2394-5612-2,Rania Buch,1956-12-17,68,Female,B+,24.0,"55/83
Dave Nagar",561004,Sleep Apnea,93,54
2394,2395,P2395-6003-2,Aaryahi Bal,1960-03-11,65,Female,O+,24.5,"H.No. 083, Singhal",571007,Epilepsy,98,87
2395,2396,P2396-5407-1,Piya Ramachandran,1954-07-13,71,Male,B+,22.9,"213, Dar Chowk",560024,Diabetes,82,24
2396,2397,P2397-8105-1,Yuvaan Dua,1981-05-25,44,Male,O+,24.5,"225
Vaidya Zila",560029,Sleep Apnea,98,29
2397,2398,P2398-9703-1,Hiran Manda,1997-03-15,28,Male,B+,23.3,"352, Dora Marg",560002,Asthma,86,2
2398,2399,P2399-8801-2,Myra Shukla,1988-01-29,37,Female,A+,25.7,"H.No. 10
Gade Circle",561006,Asthma,110,56
2399,2400,P2400-0505-1,Neysa Barad,2005-05-03,20,Male,A+,25.9,"H.No. 69
Jaggi Road",561001,Healthy,112,51
2400,2401,P2401-8807-2,Diya Bhatt,1988-07-13,36,Female,A+,21.7,"51
Aurora Chowk",571009,Heart Disease,70,89
2401,2402,P2402-5306-1,Hansh Kala,1953-06-16,72,Male,A+,25.5,"57, Konda Path",571001,Diabetes,108,81
2402,2403,P2403-6302-2,Alisha Kant,1963-02-15,62,Female,O+,24.5,"H.No. 83
Srinivas Circle",561005,Dementia,98,55
2403,2404,P2404-9212-1,Hrishita Kaul,1992-12-30,32,Male,O+,25.7,"41
Goda Marg",560104,Hypertension,110,35
2404,2405,P2405-6207-1,Ehsaan Sem,1962-07-28,62,Male,B+,23.2,"94/48
Shah Zila",560109,Sleep Apnea,85,40
2405,2406,P2406-7112-2,Anahita Edwin,1971-12-09,53,Female,A+,25.4,"H.No. 615
Gupta Circle",561004,Healthy,107,54
2406,2407,P2407-6701-1,Miraya Choudhary,1967-01-31,58,Male,A+,24.3,"83/24, Malhotra Path",572007,Depression,96,97
2407,2408,P2408-6203-2,Divit Chanda,1962-03-11,63,Female,O-,27.5,"H.No. 391
Bassi Road",562003,Osteoporosis,128,63
2408,2409,P2409-5501-1,Aarav Ghose,1955-01-11,70,Male,O+,25.2,"837
Datta Marg",561003,Asthma,105,53
2409,2410,P2410-8711-1,Tanya Rattan,1987-11-11,37,Male,O+,26.1,"80/72, Dayal Path",560013,Diabetes,114,13
2410,2411,P2411-4011-2,Kiara Bhargava,1940-11-25,84,Female,AB+,22.6,"03/854, Rajagopal Circle",560018,Gout,79,18
2411,2412,P2412-6012-2,Inaaya  Andra,1960-12-16,64,Female,A+,24.4,"33/97, Chada",560012,Healthy,97,12
2412,2413,P2413-0010-2,Anay Kohli,2000-10-18,24,Female,B+,23.8,"H.No. 64
Dua Street",560105,Dementia,91,36
2413,2414,P2414-7503-1,Navya Saran,1975-03-06,50,Male,O+,24.8,"015
Dewan Marg",560208,Depression,101,49
2414,2415,P2415-8703-1,Bhavin Sood,1987-03-09,38,Male,B+,26.6,"22, Deshmukh Circle",560105,Hypertension,119,36
2415,2416,P2416-6508-1,Aarav Bhagat,1965-08-04,59,Male,B-,23.6,"H.No. 10
Ratti Path",572009,Gout,89,99
2416,2417,P2417-0510-1,Saanvi Apte,2005-10-08,19,Male,A-,25.4,"07/727
Batta Marg",560019,Osteoporosis,107,19
2417,2418,P2418-7711-2,Nirvi Jain,1977-11-29,47,Female,O-,22.4,"86/521
Kashyap",560003,Depression,77,3
2418,2419,P2419-4103-2,Aayush Soni,1941-03-02,84,Female,O+,25.3,"H.No. 037
Acharya",560019,Depression,106,19
2419,2420,P2420-5612-2,Aniruddh Edwin,1956-12-27,68,Female,O+,27.5,"640
Gole Ganj",560029,Dementia,128,29
2420,2421,P2421-5604-1,Badal Raju,1956-04-24,69,Male,A+,27.6,"H.No. 937, Shanker Street",570006,Hypertension,129,76
2421,2422,P2422-9907-1,Himmat Ghosh,1999-07-13,25,Male,B+,21.7,"H.No. 67, Kaul Zila",560202,Hypertension,70,43
2422,2423,P2423-6608-1,Adira Sanghvi,1966-08-18,58,Male,O+,22.6,"879
Ben Marg",562006,Osteoporosis,79,66
2423,2424,P2424-9806-2,Nirvi Bera,1998-06-09,27,Female,A+,24.8,"H.No. 061, Ramachandran Circle",561002,Dementia,101,52
2424,2425,P2425-8002-1,Saanvi Bala,1980-02-24,45,Male,O+,29.9,"84/685
Lanka Path",560026,Sleep Apnea,152,26
2425,2426,P2426-5308-2,Samarth Sama,1953-08-29,71,Female,B+,25.3,"610, Hayer Street",570009,Depression,106,79
2426,2427,P2427-6904-2,Kashvi Borde,1969-04-01,56,Female,A-,20.2,"422, Kata Zila",572001,Heart Disease,55,91
2427,2428,P2428-7503-1,Yuvaan Bawa,1975-03-06,50,Male,AB+,25.5,"715, Baral",560206,Asthma,108,47
2428,2429,P2429-5607-1,Aaryahi Agate,1956-07-05,69,Male,B+,20.2,"40/808
Kari Chowk",561009,Hypertension,55,59
2429,2430,P2430-7307-2,Jayan Dash,1973-07-15,51,Female,B+,25.6,"32/753
Sawhney Ganj",560104,Sleep Apnea,109,35
2430,2431,P2431-5307-2,Anaya Aggarwal,1953-07-23,71,Female,B-,24.3,"90/44, Gour Ganj",562009,Gout,96,69
2431,2432,P2432-8012-2,Onkar Bedi,1980-12-05,44,Female,AB+,21.0,"H.No. 57
Ganguly Zila",560026,Dementia,63,26
2432,2433,P2433-7112-2,Rohan Rajagopalan,1971-12-25,53,Female,B+,27.4,"H.No. 04
Boase Marg",560028,Epilepsy,127,28
2433,2434,P2434-5412-2,Samaira Sastry,1954-12-15,70,Female,AB+,23.5,"H.No. 75
Bumb Zila",571003,Osteoporosis,88,83
2434,2435,P2435-0509-1,Nitara Bhatnagar,2005-09-19,19,Male,O+,22.1,"39
Thakkar Street",560014,Epilepsy,74,14
2435,2436,P2436-8306-1,Nitya Borah,1983-06-06,42,Male,B+,24.6,"H.No. 285, Dhillon Ganj",572005,Sleep Apnea,99,95
2436,2437,P2437-8803-1,Chirag Bera,1988-03-08,37,Male,AB+,22.4,"H.No. 794
Ratta",560013,Epilepsy,77,13
2437,2438,P2438-0110-1,Shanaya Uppal,2001-10-10,23,Male,A+,21.2,"55, Sachdev Chowk",560202,Asthma,65,43
2438,2439,P2439-9802-1,Kiaan Ranganathan,1998-02-16,27,Male,B+,20.2,"270
Lad Marg",560207,Sleep Apnea,55,48
2439,2440,P2440-4809-2,Darshit Balakrishnan,1948-09-20,76,Female,O-,22.0,"93, Sridhar",562009,Dementia,73,69
2440,2441,P2441-0104-2,Navya Biswas,2001-04-30,24,Female,A+,25.7,"67/67, Ramesh Zila",560108,Heart Disease,110,39
2441,2442,P2442-4407-1,Arhaan Wali,1944-07-02,81,Male,O+,21.9,"13/97, Sastry Nagar",570004,Healthy,72,74
2442,2443,P2443-4606-1,Ira Comar,1946-06-18,79,Male,B+,22.5,"45/94, Chadha Marg",560106,Sleep Apnea,78,37
2443,2444,P2444-9312-1,Kashvi Gade,1993-12-11,31,Male,A+,24.3,"H.No. 166
Srinivasan Road",560023,Osteoporosis,96,23
2444,2445,P2445-7505-2,Ehsaan Bera,1975-05-27,50,Female,B+,23.8,"805
Bhandari Nagar",560108,Hypertension,91,39
2445,2446,P2446-9804-2,Madhav Sanghvi,1998-04-13,27,Female,A-,22.8,"H.No. 149, Mallick Zila",572004,Heart Disease,81,94
2446,2447,P2447-7006-1,Saira Koshy,1970-06-28,55,Male,O-,22.6,"32, Bahl Road",560204,Heart Disease,79,45
2447,2448,P2448-7807-1,Anika Ramesh,1978-07-08,47,Male,O+,26.2,"567, Iyer Circle",560106,Hypertension,115,37
2448,2449,P2449-7405-2,Divij Verma,1974-05-21,51,Female,B+,21.6,"675
Venkatesh Nagar",571005,Depression,69,85
2449,2450,P2450-9210-1,Rohan Venkataraman,1992-10-29,32,Male,AB+,26.7,"95/67
Sarna Path",560027,Healthy,120,27
2450,2451,P2451-0403-2,Adah Manne,2004-03-10,21,Female,B+,23.8,"346, Chandra Road",560014,Epilepsy,91,14
2451,2452,P2452-4401-1,Arhaan Warrior,1944-01-18,81,Male,AB+,23.2,"174, Iyengar",562007,Depression,85,67
2452,2453,P2453-0412-1,Advika Goda,2004-12-06,20,Male,O+,22.3,"28
Tiwari Nagar",560015,Sleep Apnea,76,15
2453,2454,P2454-9303-1,Amira Desai,1993-03-12,32,Male,AB+,23.8,"17/56, Butala Chowk",560202,Healthy,91,43
2454,2455,P2455-4910-2,Rati Varghese,1949-10-21,75,Female,A+,23.4,"78/063
Goda Circle",570010,Gout,87,80
2455,2456,P2456-4301-1,Ayesha Rana,1943-01-07,82,Male,O+,26.8,"585, Sengupta Zila",572006,Osteoporosis,121,96
2456,2457,P2457-6003-2,Elakshi Yadav,1960-03-03,65,Female,A+,26.7,"59/50, Viswanathan Road",560101,Diabetes,120,32
2457,2458,P2458-7305-1,Tara Lal,1973-05-18,52,Male,O+,25.9,"99/17, Tella Path",560023,Heart Disease,112,23
2458,2459,P2459-7711-1,Navya Chanda,1977-11-06,47,Male,O+,23.7,"93/594
Deshpande Ganj",562004,Depression,90,64
2459,2460,P2460-7707-1,Kashvi Aggarwal,1977-07-11,48,Male,O+,25.4,"H.No. 63, Sabharwal Street",560202,Epilepsy,107,43
2460,2461,P2461-9703-2,Kiara Dass,1997-03-26,28,Female,A+,21.4,"H.No. 66
Jain Path",560206,Heart Disease,67,47
2461,2462,P2462-7610-1,Dhanuk Kaur,1976-10-20,48,Male,O-,24.2,"H.No. 55, Rau Street",560023,Hypertension,95,23
2462,2463,P2463-8708-2,Adah Deshmukh,1987-08-29,37,Female,B-,25.7,"H.No. 204
Kuruvilla Marg",571002,Diabetes,110,82
2463,2464,P2464-5201-2,Kaira Sane,1952-01-19,73,Female,O+,23.9,"138, Khare Circle",571005,Asthma,92,85
2464,2465,P2465-7109-1,Ranbir Atwal,1971-09-12,53,Male,O+,25.9,"H.No. 202, Deshmukh Marg",560109,Dementia,112,40
2465,2466,P2466-8110-2,Yuvaan Sani,1981-10-18,43,Female,O+,20.4,"H.No. 49
Grover",570004,Diabetes,57,74
2466,2467,P2467-6212-2,Saanvi Shankar,1962-12-09,62,Female,O+,24.0,"47/667, Shah Nagar",560006,Depression,93,6
2467,2468,P2468-4804-1,Navya Bains,1948-04-05,77,Male,A+,21.3,"94/68, Seth",571002,Heart Disease,66,82
2468,2469,P2469-9505-2,Neelofar Doctor,1995-05-01,30,Female,O+,26.5,"279, Dutt Path",572008,Hypertension,118,98
2469,2470,P2470-8902-2,Faiyaz Wagle,1989-02-01,36,Female,O+,22.7,"91, Kunda Ganj",572007,Healthy,80,97
2470,2471,P2471-0009-1,Vardaniya Karan,2000-09-04,24,Male,AB+,22.5,"23, Agate Zila",570001,Gout,78,71
2471,2472,P2472-7410-2,Ela Kothari,1974-10-10,50,Female,A-,22.6,"468
Varghese Circle",560108,Hypertension,79,39
2472,2473,P2473-7901-2,Aaryahi Joshi,1979-01-08,46,Female,O+,23.9,"54, Mandal Street",571001,Gout,92,81
2473,2474,P2474-9707-1,Shalv Jani,1997-07-26,27,Male,O+,23.0,"61/57
Dave Circle",570007,Gout,83,77
2474,2475,P2475-9111-1,Adira Gill,1991-11-21,33,Male,B+,24.8,"33, Sridhar Nagar",560207,Epilepsy,101,48
2475,2476,P2476-4311-1,Aayush Date,1943-11-01,81,Male,AB+,23.8,"645, Vala Nagar",560010,Gout,91,10
2476,2477,P2477-9107-1,Aarav Lanka,1991-07-18,33,Male,O+,25.4,"H.No. 78, Divan Path",560209,Diabetes,107,50
2477,2478,P2478-7710-1,Fateh Dhingra,1977-10-21,47,Male,O+,24.2,"44, Dubey Circle",560023,Asthma,95,23
2478,2479,P2479-6610-1,Aradhya Brahmbhatt,1966-10-11,58,Male,O-,24.9,"29/58
Boase Road",561005,Asthma,102,55
2479,2480,P2480-4912-1,Vivaan Sood,1949-12-19,75,Male,A-,23.9,"458, Comar Road",562005,Dementia,92,65
2480,2481,P2481-4107-1,Kiaan Deshmukh,1941-07-24,83,Male,AB+,24.9,"43/509, Ganguly Zila",560208,Heart Disease,102,49
2481,2482,P2482-4107-2,Adah Contractor,1941-07-05,84,Female,O+,24.3,"H.No. 214
Dhawan Path",560001,Epilepsy,96,1
2482,2483,P2483-4609-1,Aaryahi D’Alia,1946-09-05,78,Male,O+,22.4,"384
Sama Zila",572002,Heart Disease,77,92
2483,2484,P2484-5410-2,Ojas Gandhi,1954-10-22,70,Female,O+,24.2,"H.No. 04, Shah Ganj",561009,Hypertension,95,59
2484,2485,P2485-8405-2,Chirag Jhaveri,1984-05-01,41,Female,O+,25.3,"H.No. 48
Ratti Chowk",572002,Dementia,106,92
2485,2486,P2486-5907-2,Onkar Samra,1959-07-04,66,Female,A-,23.5,"H.No. 64, Iyer Road",560012,Hypertension,88,12
2486,2487,P2487-6305-2,Riya Krish,1963-05-24,62,Female,B+,23.0,"H.No. 45
Dugar Zila",560018,Hypertension,83,18
2487,2488,P2488-4605-1,Vaibhav Bath,1946-05-12,79,Male,A-,24.1,"H.No. 66, Bhakta Circle",560205,Sleep Apnea,94,46
2488,2489,P2489-7904-2,Damini Ahluwalia,1979-04-03,46,Female,O+,24.7,"69/59
Sahni Street",560109,Asthma,100,40
2489,2490,P2490-4007-2,Kabir Ram,1940-07-30,84,Female,A+,25.1,"H.No. 635
Dua Nagar",572007,Asthma,104,97
2490,2491,P2491-7408-1,Anaya Maharaj,1974-08-22,50,Male,A+,23.2,"H.No. 31
Chanda Street",561001,Epilepsy,85,51
2491,2492,P2492-5009-2,Hiran Ganesh,1950-09-03,74,Female,A+,27.4,"161
Rastogi Path",570008,Diabetes,127,78
2492,2493,P2493-8104-1,Trisha Kunda,1981-04-18,44,Male,B+,21.8,"26/016
Venkataraman Street",561004,Asthma,71,54
2493,2494,P2494-9806-1,Manjari Din,1998-06-19,27,Male,B+,25.2,"52, Borde Road",560109,Sleep Apnea,105,40
2494,2495,P2495-9909-2,Prerak Grewal,1999-09-25,25,Female,O+,21.6,"H.No. 805
Yadav Zila",560009,Asthma,69,9
2495,2496,P2496-4604-1,Adah Kapoor,1946-04-06,79,Male,O-,23.8,"81
Sankaran Road",560024,Healthy,91,24
2496,2497,P2497-4404-1,Kashvi Chad,1944-04-26,81,Male,O+,23.0,"H.No. 280
Amble Marg",560106,Osteoporosis,83,37
2497,2498,P2498-5408-1,Hrishita Dugar,1954-08-18,70,Male,O-,28.5,"H.No. 93
Majumdar Road",571010,Gout,138,90
2498,2499,P2499-6312-1,Anika Deshpande,1963-12-27,61,Male,O+,24.3,"59/623, Divan Road",560101,Osteoporosis,96,32
2499,2500,P2500-4507-1,Zeeshan Chand,1945-07-09,80,Male,A+,22.0,"H.No. 149, Mangal Ganj",562009,Healthy,73,69
2500,2501,P2501-5604-2,Jhanvi Barad,1956-04-22,69,Female,A+,24.4,"16/40, Tak Road",562003,Gout,97,63
2501,2502,P2502-5208-2,Dhanuk Sharma,1952-08-16,72,Female,AB+,21.8,"93/506, Sastry Marg",570010,Heart Disease,71,80
2502,2503,P2503-4906-2,Anya Bali,1949-06-29,76,Female,B-,24.7,"H.No. 27
Halder Path",560103,Epilepsy,100,34
2503,2504,P2504-7712-1,Shaan Agate,1977-12-20,47,Male,A+,25.5,"H.No. 36
Madan Chowk",561002,Asthma,108,52
2504,2505,P2505-6410-1,Kaira Goswami,1964-10-26,60,Male,O+,21.7,"70/38, Brar Ganj",562003,Heart Disease,70,63
2505,2506,P2506-9308-2,Parinaaz Tak,1993-08-22,31,Female,B+,26.0,"99/100, Buch Zila",560107,Dementia,113,38
2506,2507,P2507-0006-1,Nayantara Chacko,2000-06-06,25,Male,O+,27.3,"65/539
Hora Marg",560011,Diabetes,126,11
2507,2508,P2508-9704-1,Dhruv Konda,1997-04-01,28,Male,B+,20.1,"460
Kakar Chowk",560020,Dementia,54,20
2508,2509,P2509-9608-1,Taran Ramaswamy,1996-08-04,28,Male,O+,22.2,"32/145
Chopra Ganj",572004,Hypertension,75,94
2509,2510,P2510-7802-1,Amani Salvi,1978-02-28,47,Male,AB+,20.4,"09, Bakshi Circle",560103,Dementia,57,34
2510,2511,P2511-8901-2,Mahika Butala,1989-01-31,36,Female,B-,22.1,"H.No. 001, Chadha",560102,Gout,74,33
2511,2512,P2512-6407-2,Devansh Dutt,1964-07-18,60,Female,B+,24.5,"93, Tailor Marg",560018,Heart Disease,98,18
2512,2513,P2513-4110-1,Anahita Lad,1941-10-24,83,Male,A+,26.2,"H.No. 771
Rege Marg",562006,Hypertension,115,66
2513,2514,P2514-7904-1,Faiyaz Rajagopalan,1979-04-01,46,Male,O+,21.2,"04/709, Kalita Road",570004,Hypertension,65,74
2514,2515,P2515-8610-1,Hrishita Soni,1986-10-04,38,Male,O+,21.5,"64/03
Kulkarni Road",570007,Healthy,68,77
2515,2516,P2516-5212-2,Kismat Sangha,1952-12-31,72,Female,O+,24.2,"H.No. 982
Varghese Ganj",560029,Diabetes,95,29
2516,2517,P2517-0310-1,Pihu Soni,2003-10-27,21,Male,A+,26.9,"01
Chad Ganj",571003,Sleep Apnea,122,83
2517,2518,P2518-8607-1,Azad Kapur,1986-07-10,39,Male,B+,26.1,"03/30
Sengupta Chowk",560008,Diabetes,114,8
2518,2519,P2519-7611-1,Siya Kunda,1976-11-13,48,Male,B+,23.4,"79
Dayal Path",562005,Depression,87,65
2519,2520,P2520-9208-2,Bhamini Bedi,1992-08-25,32,Female,A-,25.6,"H.No. 10
Srivastava Path",571005,Sleep Apnea,109,85
2520,2521,P2521-5301-1,Neysa Keer,1953-01-07,72,Male,A+,20.3,"H.No. 759
Dayal Circle",560101,Diabetes,56,32
2521,2522,P2522-6308-2,Nishith Karnik,1963-08-18,61,Female,O+,25.6,"H.No. 611
Bhandari Road",562009,Heart Disease,109,69
2522,2523,P2523-5101-1,Anahi Acharya,1951-01-31,74,Male,O-,21.7,"H.No. 613, Chatterjee Street",572006,Asthma,70,96
2523,2524,P2524-6107-2,Shalv Kaul,1961-07-29,63,Female,B+,29.1,"98/775, Jayaraman Ganj",560104,Osteoporosis,144,35
2524,2525,P2525-0209-2,Arhaan Boase,2002-09-06,22,Female,O+,21.6,"H.No. 57
Grover Marg",572001,Depression,69,91
2525,2526,P2526-8706-2,Advik Singhal,1987-06-04,38,Female,O+,26.6,"H.No. 39, Shetty Nagar",561003,Healthy,119,53
2526,2527,P2527-8010-1,Jayant Bahl,1980-10-19,44,Male,O+,27.8,"H.No. 72, Rout Chowk",560015,Osteoporosis,131,15
2527,2528,P2528-7804-1,Alia Chaudry,1978-04-19,47,Male,B-,24.2,"88, Sethi Chowk",560209,Healthy,95,50
2528,2529,P2529-5001-1,Miraya Khosla,1950-01-30,75,Male,A+,26.6,"84/853
Sanghvi Road",560026,Healthy,119,26
2529,2530,P2530-5008-2,Nishith Sant,1950-08-24,74,Female,B-,24.1,"05/862
Anand Street",560003,Osteoporosis,94,3
2530,2531,P2531-7202-1,Aaina Kothari,1972-02-27,53,Male,B+,22.7,"05
Acharya Zila",571010,Gout,80,90
2531,2532,P2532-5108-2,Kiaan Konda,1951-08-23,73,Female,B+,28.4,"08/631
Banik Circle",560010,Epilepsy,137,10
2532,2533,P2533-6201-2,Ryan Bansal,1962-01-17,63,Female,B-,24.8,"397, Gala Ganj",562001,Asthma,101,61
2533,2534,P2534-5605-2,Gatik Dhillon,1956-05-07,69,Female,A+,21.8,"H.No. 608
Gala Ganj",571007,Sleep Apnea,71,87
2534,2535,P2535-6203-1,Samiha Kala,1962-03-24,63,Male,O+,21.9,"H.No. 417
Sane Marg",561003,Heart Disease,72,53
2535,2536,P2536-5804-1,Dhanuk Mangal,1958-04-04,67,Male,O+,21.2,"55/112
Shere Circle",560004,Epilepsy,65,4
2536,2537,P2537-4003-2,Mamooty Sharma,1940-03-02,85,Female,A-,21.8,"71/45, Vasa Road",571008,Diabetes,71,88
2537,2538,P2538-9802-1,Aarav Soman,1998-02-13,27,Male,O+,23.0,"64/541, Madan Street",560101,Healthy,83,32
2538,2539,P2539-8211-1,Krish Chopra,1982-11-13,42,Male,O+,25.0,"003, Kant Path",560030,Diabetes,103,30
2539,2540,P2540-4304-2,Ryan Deshmukh,1943-04-28,82,Female,A+,26.8,"86/87
Mani Chowk",560109,Sleep Apnea,121,40
2540,2541,P2541-7410-1,Manikya Chandra,1974-10-23,50,Male,O+,23.2,"H.No. 08, Dugar Street",561005,Sleep Apnea,85,55
2541,2542,P2542-6205-1,Madhav Deep,1962-05-28,63,Male,O+,24.1,"640, Chanda Marg",562008,Osteoporosis,94,68
2542,2543,P2543-7707-2,Biju Chana,1977-07-14,47,Female,B+,25.3,"H.No. 157
Kakar Street",560026,Hypertension,106,26
2543,2544,P2544-6704-1,Divyansh Manda,1967-04-17,58,Male,A+,24.6,"45/494, Ramanathan Path",560102,Diabetes,99,33
2544,2545,P2545-9608-1,Dharmajan Sharaf,1996-08-08,28,Male,B-,25.6,"09, Srinivasan Circle",560028,Healthy,109,28
2545,2546,P2546-4006-1,Aradhya Sibal,1940-06-18,85,Male,B+,23.3,"312, Verma Marg",560101,Hypertension,86,32
2546,2547,P2547-0504-1,Kismat Barad,2005-04-29,20,Male,O+,29.0,"38/265
Mannan Zila",560003,Sleep Apnea,143,3
2547,2548,P2548-7109-1,Dishani Vasa,1971-09-26,53,Male,O+,23.6,"75
Sehgal Path",572006,Asthma,89,96
2548,2549,P2549-0109-1,Hansh Kapadia,2001-09-30,23,Male,B+,24.9,"36
Hora Ganj",560018,Sleep Apnea,102,18
2549,2550,P2550-6006-2,Bhavin Kalla,1960-06-21,65,Female,AB+,22.9,"H.No. 110
Aurora Path",560018,Heart Disease,82,18
2550,2551,P2551-9607-1,Bhavin Khalsa,1996-07-23,28,Male,O+,24.6,"33/949
Karan Ganj",572005,Dementia,99,95
2551,2552,P2552-4505-2,Mohanlal Chakraborty,1945-05-26,80,Female,A-,22.0,"00
Halder Zila",571006,Depression,73,86
2552,2553,P2553-7210-2,Ryan Ganesan,1972-10-14,52,Female,B+,22.2,"84/865
Saxena Chowk",572004,Gout,75,94
2553,2554,P2554-6107-1,Ishita Aurora,1961-07-08,64,Male,AB+,20.0,"96/576, Gara Marg",561005,Asthma,53,55
2554,2555,P2555-7606-1,Shayak Gera,1976-06-02,49,Male,O+,22.8,"18, Srivastava Chowk",560029,Osteoporosis,81,29
2555,2556,P2556-8709-2,Abram Master,1987-09-07,37,Female,B+,23.9,"61
Kant",560208,Healthy,92,49
2556,2557,P2557-8612-1,Ryan Subramaniam,1986-12-20,38,Male,B+,28.0,"H.No. 892, Saini Chowk",560018,Depression,133,18
2557,2558,P2558-6510-1,Anika Batta,1965-10-26,59,Male,A+,21.7,"69/87
Sibal Circle",560205,Sleep Apnea,70,46
2558,2559,P2559-7011-1,Zeeshan Bawa,1970-11-09,54,Male,O+,23.0,"H.No. 264
Randhawa",562001,Osteoporosis,83,61
2559,2560,P2560-6304-2,Lakshay Behl,1963-04-15,62,Female,O+,22.2,"73/89
Bhagat Nagar",560030,Hypertension,75,30
2560,2561,P2561-7810-1,Aarav Tella,1978-10-24,46,Male,O+,24.4,"H.No. 819
Desai Path",560028,Hypertension,97,28
2561,2562,P2562-9205-1,Badal Ranganathan,1992-05-23,33,Male,B-,26.2,"H.No. 696
Kunda Road",561009,Gout,115,59
2562,2563,P2563-5210-2,Madhup Mann,1952-10-26,72,Female,O+,24.6,"51/063, Vaidya Ganj",570005,Epilepsy,99,75
2563,2564,P2564-6110-2,Devansh Walia,1961-10-02,63,Female,O+,24.6,"205
Kari Ganj",562008,Diabetes,99,68
2564,2565,P2565-8010-1,Anahita Rao,1980-10-19,44,Male,O+,26.6,"520
Master",560106,Heart Disease,119,37
2565,2566,P2566-0102-1,Saanvi Ganguly,2001-02-18,24,Male,B+,26.8,"59/464, Varughese",560107,Sleep Apnea,121,38
2566,2567,P2567-4808-1,Rohan Chana,1948-08-20,76,Male,B+,24.3,"054, Krishnan Path",560030,Diabetes,96,30
2567,2568,P2568-7412-2,Manikya Tiwari,1974-12-12,50,Female,O+,25.2,"48, Luthra Road",560006,Asthma,105,6
2568,2569,P2569-6504-1,Anahi Dube,1965-04-25,60,Male,A+,24.1,"57/766
Contractor Ganj",562001,Osteoporosis,94,61
2569,2570,P2570-5403-1,Aniruddh Barad,1954-03-30,71,Male,O+,24.2,"05/738, Venkataraman Path",560012,Heart Disease,95,12
2570,2571,P2571-5009-1,Mamooty Bedi,1950-09-22,74,Male,A+,24.6,"80, Golla Zila",560024,Dementia,99,24
2571,2572,P2572-6101-2,Aarna Vaidya,1961-01-15,64,Female,AB+,22.3,"H.No. 190, Thakur Chowk",562004,Heart Disease,76,64
2572,2573,P2573-0007-1,Dishani Chawla,2000-07-10,24,Male,O+,22.1,"90/35
Bedi",570003,Depression,74,73
2573,2574,P2574-9208-2,Divit Reddy,1992-08-04,32,Female,O-,25.3,"89/958, Gade Street",560012,Hypertension,106,12
2574,2575,P2575-0308-1,Zaina Upadhyay,2003-08-18,21,Male,O+,23.1,"37/327, Dey Zila",571004,Epilepsy,84,84
2575,2576,P2576-5911-1,Devansh Sampath,1959-11-07,65,Male,O-,24.7,"103
Chauhan Ganj",561006,Dementia,100,56
2576,2577,P2577-0007-2,Mannat Tripathi,2000-07-21,24,Female,O+,24.3,"H.No. 676
Kothari Zila",560009,Gout,96,9
2577,2578,P2578-4511-1,Eva Sem,1945-11-04,79,Male,O+,27.6,"64, Sampath Nagar",560106,Gout,129,37
2578,2579,P2579-7107-1,Aradhya Ghose,1971-07-28,53,Male,AB-,29.4,"46
Sane Path",560011,Hypertension,147,11
2579,2580,P2580-8902-1,Prisha Rajagopalan,1989-02-22,36,Male,O+,23.6,"H.No. 412, Vala Ganj",562002,Dementia,89,62
2580,2581,P2581-4210-1,Jivin Arya,1942-10-26,82,Male,AB+,21.7,"777
Varma Path",561001,Hypertension,70,51
2581,2582,P2582-9806-1,Prerak Loke,1998-06-27,27,Male,B+,24.8,"45/843
Chakrabarti Ganj",560010,Epilepsy,101,10
2582,2583,P2583-8212-1,Nishith Thaman,1982-12-31,42,Male,O+,21.9,"H.No. 53
Vyas Chowk",560203,Healthy,72,44
2583,2584,P2584-8002-2,Mishti Kadakia,1980-02-04,45,Female,B+,27.1,"95
Reddy Zila",560004,Hypertension,124,4
2584,2585,P2585-6909-1,Indrans Bassi,1969-09-23,55,Male,A+,25.1,"99
Sridhar Path",560005,Healthy,104,5
2585,2586,P2586-8803-1,Nitara Shere,1988-03-13,37,Male,O+,25.1,"548, Goel Road",560022,Epilepsy,104,22
2586,2587,P2587-8506-1,Ritvik Behl,1985-06-07,40,Male,A+,26.5,"95/028
Sood Chowk",572002,Epilepsy,118,92
2587,2588,P2588-9104-2,Nehmat Mannan,1991-04-15,34,Female,O+,22.5,"H.No. 92
Bhasin Nagar",571004,Hypertension,78,84
2588,2589,P2589-9801-1,Dhanuk Chanda,1998-01-25,27,Male,B+,23.2,"H.No. 92
Sachar Marg",570006,Osteoporosis,85,76
2589,2590,P2590-8112-2,Rhea Rastogi,1981-12-02,43,Female,A+,25.6,"68
Chacko Ganj",572004,Gout,109,94
2590,2591,P2591-9905-2,Vidur Tella,1999-05-11,26,Female,O+,25.5,"155
Shanker Nagar",562003,Depression,108,63
2591,2592,P2592-4509-2,Kimaya Talwar,1945-09-06,79,Female,B+,23.8,"H.No. 372, De Circle",560204,Sleep Apnea,91,45
2592,2593,P2593-9606-2,Tanya Krish,1996-06-27,29,Female,A+,22.6,"70
Dube Circle",560011,Sleep Apnea,79,11
2593,2594,P2594-9806-1,Nayantara Salvi,1998-06-27,27,Male,O+,26.6,"77/27, Balan Zila",560104,Hypertension,119,35
2594,2595,P2595-6209-1,Nishith Cherian,1962-09-27,62,Male,O+,20.3,"H.No. 886
Gaba Chowk",561010,Asthma,56,60
2595,2596,P2596-6801-1,Trisha Setty,1968-01-18,57,Male,B+,25.9,"H.No. 51
Hans Circle",560009,Dementia,112,9
2596,2597,P2597-4808-2,Rasha Sur,1948-08-11,76,Female,O+,23.5,"H.No. 010, Bawa Street",561008,Hypertension,88,58
2597,2598,P2598-7003-2,Rhea Singhal,1970-03-15,55,Female,O+,23.6,"H.No. 76
Desai Path",562004,Heart Disease,89,64
2598,2599,P2599-8709-2,Tushar Saha,1987-09-16,37,Female,B+,25.2,"H.No. 474, Shenoy Chowk",560107,Osteoporosis,105,38
2599,2600,P2600-5705-2,Vihaan Gopal,1957-05-04,68,Female,B+,24.7,"76, Soni Marg",572005,Diabetes,100,95
2600,2601,P2601-5409-2,Zeeshan Ganguly,1954-09-12,70,Female,B+,26.3,"H.No. 24, Chadha Zila",572006,Hypertension,116,96
2601,2602,P2602-8112-1,Azad Handa,1981-12-27,43,Male,AB+,23.1,"H.No. 03, Kanda Chowk",561008,Epilepsy,84,58
2602,2603,P2603-7701-2,Renee Hans,1977-01-08,48,Female,B+,22.5,"H.No. 089, Barman Marg",560203,Hypertension,78,44
2603,2604,P2604-6910-1,Devansh Balakrishnan,1969-10-06,55,Male,O+,22.5,"88, Varma Marg",560206,Epilepsy,78,47
2604,2605,P2605-7612-1,Umang Shenoy,1976-12-28,48,Male,O+,21.4,"H.No. 408
Sundaram Path",570008,Depression,67,78
2605,2606,P2606-8106-2,Manikya Datta,1981-06-25,44,Female,O+,24.3,"98/127
Sarma Circle",572007,Healthy,96,97
2606,2607,P2607-5107-2,Miraya Khanna,1951-07-19,74,Female,O+,24.3,"62, Bhargava Street",560027,Heart Disease,96,27
2607,2608,P2608-6606-2,Eshani Venkatesh,1966-06-29,59,Female,A+,26.1,"H.No. 34
Sehgal Chowk",560008,Epilepsy,114,8
2608,2609,P2609-9802-1,Kartik Tara,1998-02-28,27,Male,A+,28.7,"H.No. 77
Seshadri Road",570003,Epilepsy,140,73
2609,2610,P2610-6212-2,Sara Tata,1962-12-04,62,Female,AB+,24.9,"H.No. 20, Ray Ganj",572004,Sleep Apnea,102,94
2610,2611,P2611-5001-2,Zara Seth,1950-01-06,75,Female,AB+,22.8,"25
Goyal Zila",560017,Healthy,81,17
2611,2612,P2612-4805-1,Veer Wali,1948-05-26,77,Male,O+,25.7,"40
Dugar Chowk",561007,Depression,110,57
2612,2613,P2613-7706-1,Kartik Char,1977-06-04,48,Male,O+,26.5,"67/35, Mangal Marg",571007,Dementia,118,87
2613,2614,P2614-4812-2,Himmat Dutt,1948-12-11,76,Female,O+,26.1,"23/48
Balan",560202,Depression,114,43
2614,2615,P2615-7007-2,Romil Joshi,1970-07-31,54,Female,O+,28.1,"H.No. 037, Bhatia Street",570007,Depression,134,77
2615,2616,P2616-4608-2,Abram Madan,1946-08-06,78,Female,O+,27.9,"94
Suresh",560009,Osteoporosis,132,9
2616,2617,P2617-5709-2,Elakshi Dani,1957-09-24,67,Female,B+,24.2,"725, Sarkar Nagar",570006,Heart Disease,95,76
2617,2618,P2618-9501-1,Lakshit Thakur,1995-01-31,30,Male,O+,24.2,"77, Rout Circle",570007,Epilepsy,95,77
2618,2619,P2619-7312-2,Nitya Kota,1973-12-02,51,Female,O+,24.8,"61
Kurian Marg",570005,Hypertension,101,75
2619,2620,P2620-8407-2,Armaan Hari,1984-07-16,40,Female,O+,25.6,"95, Gaba",560104,Hypertension,109,35
2620,2621,P2621-4810-2,Eshani Varty,1948-10-14,76,Female,A+,22.5,"80
Rajagopalan Chowk",560201,Heart Disease,78,42
2621,2622,P2622-6306-1,Charvi Balay,1963-06-16,62,Male,B+,26.0,"H.No. 45, Jayaraman Road",560026,Gout,113,26
2622,2623,P2623-6002-2,Rasha Balay,1960-02-03,65,Female,AB+,25.0,"98/92, Tiwari Path",562006,Heart Disease,103,66
2623,2624,P2624-7508-2,Riaan Char,1975-08-15,49,Female,AB+,23.9,"H.No. 72, Sankaran Chowk",572010,Depression,92,100
2624,2625,P2625-7111-2,Navya Bal,1971-11-25,53,Female,AB+,25.7,"33, Sekhon Zila",560109,Depression,110,40
2625,2626,P2626-6401-1,Navya Rajan,1964-01-24,61,Male,B+,21.6,"H.No. 68
Bir Zila",562004,Epilepsy,69,64
2626,2627,P2627-8111-2,Siya Halder,1981-11-02,43,Female,O+,23.7,"04/77, Amble Nagar",560101,Heart Disease,90,32
2627,2628,P2628-9005-1,Lakshit Sachdev,1990-05-11,35,Male,O+,23.7,"13/54
Sachdeva Nagar",560010,Depression,90,10
2628,2629,P2629-5208-2,Rohan Mann,1952-08-06,72,Female,B-,26.4,"H.No. 167, Zacharia Ganj",572005,Heart Disease,117,95
2629,2630,P2630-8706-2,Yakshit Gandhi,1987-06-09,38,Female,B-,23.2,"65/662, Jani Ganj",572005,Osteoporosis,85,95
2630,2631,P2631-0106-2,Divij Bains,2001-06-08,24,Female,B+,21.6,"09/909
Dutt Marg",571001,Hypertension,69,81
2631,2632,P2632-0009-2,Dharmajan Sani,2000-09-11,24,Female,O+,26.6,"H.No. 18
Dalal Path",570003,Depression,119,73
2632,2633,P2633-6904-1,Kanav Sood,1969-04-16,56,Male,O-,25.4,"739, Chawla Zila",562001,Dementia,107,61
2633,2634,P2634-0011-1,Vihaan Dasgupta,2000-11-02,24,Male,O+,20.9,"H.No. 22, Gola Chowk",560203,Asthma,62,44
2634,2635,P2635-0311-2,Sahil Arya,2003-11-12,21,Female,O+,21.9,"88/470, Chandra Nagar",561004,Hypertension,72,54
2635,2636,P2636-8204-2,Anika Dave,1982-04-10,43,Female,B+,23.1,"14, Deshpande Circle",560007,Diabetes,84,7
2636,2637,P2637-5312-2,Neysa Trivedi,1953-12-03,71,Female,B+,24.7,"208
Datta Marg",562009,Depression,100,69
2637,2638,P2638-5403-2,Aarav Dhar,1954-03-17,71,Female,AB+,20.2,"16, Krishnan Ganj",560016,Diabetes,55,16
2638,2639,P2639-4505-1,Jivika Mammen,1945-05-16,80,Male,A-,24.1,"H.No. 814, Loke Street",562010,Asthma,94,70
2639,2640,P2640-0306-2,Ishita Agarwal,2003-06-14,22,Female,AB+,23.8,"30
Lad Street",561007,Dementia,91,57
2640,2641,P2641-5310-1,Hridaan Gaba,1953-10-26,71,Male,A+,26.7,"87
Sabharwal Path",570002,Hypertension,120,72
2641,2642,P2642-8411-2,Taimur Sachar,1984-11-13,40,Female,O+,24.7,"54/49
Madan Circle",562004,Diabetes,100,64
2642,2643,P2643-7803-2,Taimur Uppal,1978-03-31,47,Female,O+,25.5,"61/42
Karpe Ganj",572004,Healthy,108,94
2643,2644,P2644-8808-1,Anahi Dewan,1988-08-08,36,Male,AB-,28.8,"H.No. 027
Tank Nagar",570001,Sleep Apnea,141,71
2644,2645,P2645-5206-1,Manjari Chahal,1952-06-09,73,Male,O+,23.9,"231, Karpe Chowk",560108,Dementia,92,39
2645,2646,P2646-5604-2,Baiju Hayer,1956-04-27,69,Female,A+,24.5,"07, Comar Nagar",562006,Diabetes,98,66
2646,2647,P2647-8210-1,Shray Lad,1982-10-30,42,Male,O+,27.2,"H.No. 899, Handa Marg",560206,Osteoporosis,125,47
2647,2648,P2648-9111-1,Kiaan Rajagopalan,1991-11-07,33,Male,B+,25.9,"60/101, Ravel Zila",560014,Diabetes,112,14
2648,2649,P2649-9210-1,Samarth Saran,1992-10-30,32,Male,A-,26.0,"420
Sankar Ganj",560010,Osteoporosis,113,10
2649,2650,P2650-5007-2,Zain Master,1950-07-30,74,Female,A+,24.0,"27/874, Kohli Circle",560008,Dementia,93,8
2650,2651,P2651-5110-1,Nayantara Dhillon,1951-10-07,73,Male,O+,24.2,"254, Kalita Marg",560019,Epilepsy,95,19
2651,2652,P2652-9812-1,Ira Dyal,1998-12-26,26,Male,AB+,24.3,"H.No. 735
Halder Ganj",560011,Sleep Apnea,96,11
2652,2653,P2653-9908-2,Yuvaan Bora,1999-08-23,25,Female,B+,24.8,"H.No. 897, Chand Path",560017,Hypertension,101,17
2653,2654,P2654-5311-2,Yasmin Choudhry,1953-11-02,71,Female,O+,26.4,"H.No. 94, Subramanian Ganj",560101,Hypertension,117,32
2654,2655,P2655-9205-2,Piya Rattan,1992-05-13,33,Female,O+,22.3,"16/08, Bhalla Chowk",560029,Epilepsy,76,29
2655,2656,P2656-8503-1,Jiya Bhakta,1985-03-28,40,Male,B+,26.3,"45/24
Jaggi Chowk",560108,Asthma,116,39
2656,2657,P2657-0004-2,Piya Kumer,2000-04-05,25,Female,B-,23.1,"H.No. 24, Kala Street",571008,Osteoporosis,84,88
2657,2658,P2658-9103-1,Divij Bail,1991-03-20,34,Male,O-,23.1,"59/04
Chokshi Street",571005,Heart Disease,84,85
2658,2659,P2659-4105-2,Aniruddh Basak,1941-05-16,84,Female,O+,20.9,"086, Dasgupta",572007,Healthy,62,97
2659,2660,P2660-5305-2,Chirag Ramaswamy,1953-05-28,72,Female,O+,25.8,"347
Das Nagar",560202,Depression,111,43
2660,2661,P2661-4008-2,Pranay Sarma,1940-08-07,84,Female,O+,24.6,"329
Lal",560022,Hypertension,99,22
2661,2662,P2662-7209-2,Hazel Shanker,1972-09-18,52,Female,A+,24.3,"H.No. 04
Dutta Nagar",572005,Diabetes,96,95
2662,2663,P2663-5205-1,Armaan Sane,1952-05-04,73,Male,B-,22.8,"H.No. 154, Iyer Road",572008,Hypertension,81,98
2663,2664,P2664-4105-2,Shray Sanghvi,1941-05-07,84,Female,AB+,25.2,"H.No. 52
Raval Marg",560022,Heart Disease,105,22
2664,2665,P2665-4105-2,Shalv Arora,1941-05-03,84,Female,A+,21.8,"H.No. 48, Sekhon Path",561007,Asthma,71,57
2665,2666,P2666-4501-1,Amira Bava,1945-01-24,80,Male,O+,23.5,"H.No. 88, Krishnan Nagar",560207,Gout,88,48
2666,2667,P2667-6107-1,Madhup Sidhu,1961-07-27,63,Male,O+,22.5,"77/698
Chandran",560101,Heart Disease,78,32
2667,2668,P2668-8312-1,Taran Doctor,1983-12-04,41,Male,O+,25.6,"H.No. 83, Singh",570006,Heart Disease,109,76
2668,2669,P2669-8706-2,Ranbir Rastogi,1987-06-09,38,Female,O+,24.0,"87
Subramanian Chowk",560019,Gout,93,19
2669,2670,P2670-7603-2,Riaan Cherian,1976-03-22,49,Female,A+,20.6,"98
Sur",561001,Dementia,59,51
2670,2671,P2671-7306-2,Vedika Vora,1973-06-07,52,Female,B+,20.5,"H.No. 47
Kuruvilla Path",562009,Gout,58,69
2671,2672,P2672-6304-2,Shamik Kadakia,1963-04-08,62,Female,B+,23.3,"79, Chauhan Marg",560019,Osteoporosis,86,19
2672,2673,P2673-6006-1,Adira Sood,1960-06-26,65,Male,B+,27.0,"H.No. 64
Deshpande Nagar",560020,Diabetes,123,20
2673,2674,P2674-0408-2,Kavya Sheth,2004-08-08,20,Female,B+,20.3,"986, Batra Zila",562006,Dementia,56,66
2674,2675,P2675-6007-1,Mahika Kumar,1960-07-25,64,Male,B-,20.7,"H.No. 642
Behl Ganj",571002,Hypertension,60,82
2675,2676,P2676-9001-1,Ayesha Bajaj,1990-01-06,35,Male,B+,23.0,"91
Issac Path",560025,Epilepsy,83,25
2676,2677,P2677-6803-2,Amani Upadhyay,1968-03-14,57,Female,O+,24.5,"56/257
Madan Chowk",570006,Heart Disease,98,76
2677,2678,P2678-7001-2,Priyansh Kaur,1970-01-06,55,Female,B-,24.9,"86
Sheth Chowk",560011,Heart Disease,102,11
2678,2679,P2679-6702-1,Azad Dhar,1967-02-12,58,Male,O+,20.0,"H.No. 47, Borah Marg",570010,Osteoporosis,53,80
2679,2680,P2680-7212-1,Ranbir Thakkar,1972-12-11,52,Male,AB+,23.6,"19/19
Babu Ganj",560019,Depression,89,19
2680,2681,P2681-8602-1,Indrans Chandran,1986-02-26,39,Male,O+,23.3,"H.No. 653
Babu Nagar",560008,Osteoporosis,86,8
2681,2682,P2682-8110-1,Suhana De,1981-10-20,43,Male,B+,27.0,"33/184
Raju Nagar",560209,Gout,123,50
2682,2683,P2683-6809-2,Riaan Guha,1968-09-13,56,Female,B+,23.2,"036, Chacko Path",561003,Osteoporosis,85,53
2683,2684,P2684-5802-1,Zain Deshmukh,1958-02-12,67,Male,O+,20.9,"05/10
Yadav Ganj",561005,Sleep Apnea,62,55
2684,2685,P2685-5606-2,Vedika Anne,1956-06-02,69,Female,B+,24.5,"86/44, Sharma Street",571006,Diabetes,98,86
2685,2686,P2686-4312-1,Renee Dhingra,1943-12-08,81,Male,AB-,20.9,"05
Sodhi Nagar",560027,Dementia,62,27
2686,2687,P2687-0404-2,Mannat Andra,2004-04-22,21,Female,B+,23.1,"96
Bath Nagar",560008,Diabetes,84,8
2687,2688,P2688-5705-1,Samiha Ghosh,1957-05-07,68,Male,B-,23.0,"H.No. 732, Sabharwal Circle",560208,Osteoporosis,83,49
2688,2689,P2689-7212-1,Aaina Contractor,1972-12-05,52,Male,O+,26.1,"H.No. 40, Barad Ganj",561008,Sleep Apnea,114,58
2689,2690,P2690-8003-2,Sara Suri,1980-03-11,45,Female,B-,21.2,"709, Mangal Road",560022,Osteoporosis,65,22
2690,2691,P2691-8710-2,Hiran Kumer,1987-10-06,37,Female,O+,25.8,"17/646, Sinha Ganj",560010,Hypertension,111,10
2691,2692,P2692-5505-2,Rati Ratti,1955-05-07,70,Female,B+,25.9,"H.No. 00, Dalal Road",560101,Sleep Apnea,112,32
2692,2693,P2693-4211-2,Dhanuk Gara,1942-11-13,82,Female,A+,23.7,"31/822
Sangha Street",560005,Healthy,90,5
2693,2694,P2694-6812-1,Kartik Dada,1968-12-31,56,Male,O+,26.0,"H.No. 32
Chandran Street",560022,Osteoporosis,113,22
2694,2695,P2695-0010-2,Sahil Kadakia,2000-10-13,24,Female,B+,26.3,"268
Dubey Ganj",560004,Dementia,116,4
2695,2696,P2696-4604-1,Chirag Brahmbhatt,1946-04-19,79,Male,B+,24.0,"H.No. 088, Shah Zila",560200,Gout,93,41
2696,2697,P2697-4201-1,Urvi Chana,1942-01-08,83,Male,B+,26.7,"053
Hans Path",560107,Heart Disease,120,38
2697,2698,P2698-8811-1,Romil Chopra,1988-11-17,36,Male,O+,22.8,"55, Bhandari Circle",562003,Heart Disease,81,63
2698,2699,P2699-5104-1,Mishti Deep,1951-04-10,74,Male,B-,23.6,"H.No. 610, Tiwari Ganj",572003,Hypertension,89,93
2699,2700,P2700-6409-2,Manikya Saraf,1964-09-02,60,Female,A+,23.7,"56/332
Shanker Ganj",571004,Depression,90,84
2700,2701,P2701-9209-1,Hansh Apte,1992-09-01,32,Male,O+,22.0,"H.No. 653
Seshadri Street",570001,Epilepsy,73,71
2701,2702,P2702-8005-2,Manjari Magar,1980-05-17,45,Female,O-,22.9,"H.No. 78, Doctor Marg",560018,Diabetes,82,18
2702,2703,P2703-7606-1,Adira Jani,1976-06-07,49,Male,O+,25.5,"971
Sridhar Street",560007,Osteoporosis,108,7
2703,2704,P2704-4203-2,Anahita Choudhry,1942-03-03,83,Female,O-,25.5,"27/27
Kar Marg",571005,Heart Disease,108,85
2704,2705,P2705-5610-2,Shamik Sekhon,1956-10-03,68,Female,B+,23.1,"H.No. 552
Subramanian Path",560209,Diabetes,84,50
2705,2706,P2706-5905-2,Lakshay Varghese,1959-05-28,66,Female,A+,22.2,"H.No. 22
Banerjee Nagar",560101,Diabetes,75,32
2706,2707,P2707-4405-2,Mamooty Varty,1944-05-21,81,Female,O+,19.5,"H.No. 63, Mandal Chowk",560024,Hypertension,48,24
2707,2708,P2708-6708-1,Farhan Kapadia,1967-08-21,57,Male,O-,22.4,"07, Baral Chowk",560027,Diabetes,77,27
2708,2709,P2709-0002-1,Jayant Chacko,2000-02-11,25,Male,A+,25.3,"12/688, Sarma Marg",561003,Diabetes,106,53
2709,2710,P2710-4805-2,Onkar Contractor,1948-05-01,77,Female,O+,26.5,"H.No. 584
Sethi Path",562006,Depression,118,66
2710,2711,P2711-9605-1,Divij Sunder,1996-05-17,29,Male,A+,24.4,"63
Bhargava Zila",562008,Asthma,97,68
2711,2712,P2712-5303-1,Shlok Batra,1953-03-17,72,Male,B-,23.0,"H.No. 320
Bhagat Circle",560205,Gout,83,46
2712,2713,P2713-7310-2,Biju Kaur,1973-10-15,51,Female,B-,26.5,"H.No. 088
Uppal Chowk",560001,Dementia,118,1
2713,2714,P2714-0111-2,Raunak Borra,2001-11-13,23,Female,A-,24.5,"78/096, Korpal Zila",560005,Diabetes,98,5
2714,2715,P2715-5207-1,Umang Bajwa,1952-07-24,72,Male,AB+,20.8,"H.No. 067, Chowdhury Circle",570004,Depression,61,74
2715,2716,P2716-7409-2,Aayush Aurora,1974-09-16,50,Female,O+,25.1,"H.No. 206, Sharma Zila",572005,Heart Disease,104,95
2716,2717,P2717-9412-1,Samaira Bir,1994-12-24,30,Male,O+,22.2,"H.No. 352, Karan Nagar",570010,Asthma,75,80
2717,2718,P2718-4603-2,Trisha Lata,1946-03-10,79,Female,O+,24.2,"06/02
Ravi Path",561003,Healthy,95,53
2718,2719,P2719-7712-2,Aarush Raja,1977-12-07,47,Female,B+,25.9,"H.No. 204, Chander Chowk",560014,Epilepsy,112,14
2719,2720,P2720-4510-2,Nirvaan Guha,1945-10-27,79,Female,AB-,21.1,"H.No. 515, Keer Circle",560029,Diabetes,64,29
2720,2721,P2721-9709-2,Misha Taneja,1997-09-24,27,Female,AB+,23.7,"13/75
Singh Path",572009,Dementia,90,99
2721,2722,P2722-9203-1,Suhana Dora,1992-03-11,33,Male,O+,24.7,"777
Bora Street",572006,Depression,100,96
2722,2723,P2723-9411-1,Prisha Varughese,1994-11-10,30,Male,O+,24.0,"15/468, Bumb Circle",560005,Heart Disease,93,5
2723,2724,P2724-7810-2,Ivana Keer,1978-10-10,46,Female,B-,27.4,"H.No. 255, Sodhi Zila",570004,Epilepsy,127,74
2724,2725,P2725-9502-1,Vritika Mandal,1995-02-07,30,Male,O+,25.8,"H.No. 403, Edwin Marg",571003,Gout,111,83
2725,2726,P2726-5709-2,Kiara Keer,1957-09-22,67,Female,AB+,23.9,"18/433, Yadav Path",560012,Sleep Apnea,92,12
2726,2727,P2727-4810-2,Advik Trivedi,1948-10-03,76,Female,AB-,19.7,"16/40
Goda Chowk",560104,Epilepsy,50,35
2727,2728,P2728-8106-2,Rati Butala,1981-06-26,44,Female,AB+,23.4,"H.No. 97
Doshi Path",570004,Gout,87,74
2728,2729,P2729-5201-2,Hazel Konda,1952-01-15,73,Female,O+,25.5,"H.No. 698
Khosla Road",570002,Epilepsy,108,72
2729,2730,P2730-9006-1,Kanav Gill,1990-06-13,35,Male,O+,24.8,"439
Raju Street",560026,Osteoporosis,101,26
2730,2731,P2731-6505-2,Biju Sha,1965-05-30,60,Female,O+,24.1,"H.No. 46, Dhaliwal Street",560021,Gout,94,21
2731,2732,P2732-8708-1,Hiran Suresh,1987-08-17,37,Male,AB+,24.8,"67/218, Lad Path",560029,Depression,101,29
2732,2733,P2733-6310-1,Mohanlal Cherian,1963-10-23,61,Male,AB+,25.9,"97/60
Tank Street",570009,Hypertension,112,79
2733,2734,P2734-5606-2,Eva Upadhyay,1956-06-09,69,Female,O+,26.8,"H.No. 150
Badal Path",560022,Asthma,121,22
2734,2735,P2735-0105-1,Saksham Agarwal,2001-05-06,24,Male,B-,24.1,"81
Sarkar Street",571008,Hypertension,94,88
2735,2736,P2736-9704-2,Elakshi Bath,1997-04-28,28,Female,B+,23.8,"37/18, Tailor Nagar",560101,Diabetes,91,32
2736,2737,P2737-9504-1,Chirag Dhawan,1995-04-22,30,Male,O+,26.3,"H.No. 052, Chada Path",560003,Diabetes,116,3
2737,2738,P2738-4509-1,Prerak Sheth,1945-09-07,79,Male,B+,27.6,"08/65, Thakur Chowk",560005,Sleep Apnea,129,5
2738,2739,P2739-5806-1,Samarth Bajaj,1958-06-24,67,Male,A+,21.9,"207
Chakrabarti Circle",562007,Hypertension,72,67
2739,2740,P2740-4907-2,Anvi Devan,1949-07-01,76,Female,O+,25.3,"58/454
Verma Street",560026,Heart Disease,106,26
2740,2741,P2741-8611-2,Alia Kapur,1986-11-30,38,Female,A-,23.8,"54/13
Som Marg",560201,Depression,91,42
2741,2742,P2742-6511-1,Anay Shankar,1965-11-01,59,Male,A+,21.3,"88/32, Ramesh Marg",570008,Sleep Apnea,66,78
2742,2743,P2743-8412-2,Parinaaz Wali,1984-12-16,40,Female,B+,26.8,"73/60
Vala Circle",560108,Dementia,121,39
2743,2744,P2744-5407-1,Ahana  Dhar,1954-07-02,71,Male,A+,25.1,"064, Keer Marg",571008,Dementia,104,88
2744,2745,P2745-8705-1,Vritika Jain,1987-05-13,38,Male,A+,27.0,"59
Gokhale Zila",570008,Depression,123,78
2745,2746,P2746-8803-1,Mehul Salvi,1988-03-15,37,Male,O+,25.2,"031, Varughese Zila",562003,Osteoporosis,105,63
2746,2747,P2747-8404-2,Tanya Ramaswamy,1984-04-05,41,Female,O-,25.0,"57/740, Ghosh Road",570001,Epilepsy,103,71
2747,2748,P2748-0004-1,Rohan Chowdhury,2000-04-28,25,Male,A+,23.7,"41, Kanda Path",561009,Dementia,90,59
2748,2749,P2749-9302-1,Ranbir Ahluwalia,1993-02-04,32,Male,O+,26.5,"H.No. 86
Tata",560015,Heart Disease,118,15
2749,2750,P2750-9501-2,Dhanuk Ratti,1995-01-14,30,Female,B-,22.6,"H.No. 72
Chakraborty",572009,Sleep Apnea,79,99
2750,2751,P2751-9502-2,Samaira Sachdev,1995-02-23,30,Female,AB+,27.1,"44/73
Thaker",560011,Healthy,124,11
2751,2752,P2752-5705-1,Ryan Saini,1957-05-28,68,Male,A+,25.4,"57/586
Jha Nagar",572004,Dementia,107,94
2752,2753,P2753-6506-2,Shamik Brar,1965-06-08,60,Female,A-,21.1,"39/199
Ghosh Chowk",562001,Sleep Apnea,64,61
2753,2754,P2754-5911-2,Ivan Ratti,1959-11-30,65,Female,O+,24.1,"703, Chahal Ganj",562008,Heart Disease,94,68
2754,2755,P2755-5502-1,Raunak Wali,1955-02-08,70,Male,B+,25.5,"97, Rao Marg",560021,Asthma,108,21
2755,2756,P2756-5204-1,Urvi Mall,1952-04-06,73,Male,B+,23.2,"H.No. 543, Manne Nagar",560203,Epilepsy,85,44
2756,2757,P2757-5212-2,Samarth Jhaveri,1952-12-03,72,Female,A+,24.6,"H.No. 04, Dixit Zila",570003,Healthy,99,73
2757,2758,P2758-5607-1,Ela Lall,1956-07-06,69,Male,O+,23.5,"H.No. 156
Chhabra Zila",572001,Gout,88,91
2758,2759,P2759-9010-1,Devansh Jani,1990-10-31,34,Male,B+,22.5,"80/758, Dutt Marg",560030,Heart Disease,78,30
2759,2760,P2760-5810-2,Aarna Jain,1958-10-04,66,Female,O-,23.0,"302, Keer Road",560103,Healthy,83,34
2760,2761,P2761-7702-1,Advika Date,1977-02-09,48,Male,O+,26.4,"84/692, Mani Zila",572010,Dementia,117,100
2761,2762,P2762-6504-2,Arhaan Chanda,1965-04-11,60,Female,AB+,23.7,"410
Kata",560006,Asthma,90,6
2762,2763,P2763-5902-1,Jayesh Swaminathan,1959-02-14,66,Male,O+,22.1,"776
Maharaj Path",572004,Epilepsy,74,94
2763,2764,P2764-7511-2,Manikya Sura,1975-11-03,49,Female,B+,23.3,"03/20, Mammen Zila",570006,Gout,86,76
2764,2765,P2765-4611-2,Prerak Kannan,1946-11-28,78,Female,O+,21.7,"118, Lalla Street",570010,Hypertension,70,80
2765,2766,P2766-5602-1,Zaina Venkataraman,1956-02-22,69,Male,A+,21.6,"H.No. 68
Sant Ganj",570008,Epilepsy,69,78
2766,2767,P2767-6409-1,Lakshit Mangat,1964-09-29,60,Male,O+,23.3,"223
Varty Marg",562004,Depression,86,64
2767,2768,P2768-5710-2,Samar Varkey,1957-10-30,67,Female,O+,24.4,"H.No. 012, Ram Zila",560016,Hypertension,97,16
2768,2769,P2769-4607-1,Nitya Bhalla,1946-07-15,79,Male,A+,26.3,"35
Sheth",560108,Diabetes,116,39
2769,2770,P2770-9711-2,Hunar De,1997-11-12,27,Female,A+,23.2,"67/81
Mani",562008,Asthma,85,68
2770,2771,P2771-0107-1,Heer Rege,2001-07-13,23,Male,B+,24.7,"H.No. 810
Kapoor Ganj",562007,Gout,100,67
2771,2772,P2772-9410-2,Adah Sharma,1994-10-06,30,Female,AB+,22.8,"16, Taneja Street",571002,Diabetes,81,82
2772,2773,P2773-7004-2,Nayantara Agrawal,1970-04-22,55,Female,B+,25.1,"05/553
Karan Road",570005,Depression,104,75
2773,2774,P2774-7112-2,Aarna Jhaveri,1971-12-20,53,Female,O+,22.3,"94/519, Ganguly Road",561009,Depression,76,59
2774,2775,P2775-0106-2,Jiya Golla,2001-06-13,24,Female,A-,25.2,"603, Bandi Road",562001,Epilepsy,105,61
2775,2776,P2776-5108-1,Vanya Kapur,1951-08-20,73,Male,O-,23.2,"02/999, Rama Path",560208,Heart Disease,85,49
2776,2777,P2777-6011-1,Tejas Zachariah,1960-11-17,64,Male,A+,23.9,"H.No. 105
Shah Ganj",561001,Depression,92,51
2777,2778,P2778-9301-1,Tiya Rajagopal,1993-01-11,32,Male,B-,25.6,"H.No. 543
Gulati Ganj",561003,Depression,109,53
2778,2779,P2779-7406-1,Miraan Comar,1974-06-02,51,Male,O+,26.2,"H.No. 73
Ram Ganj",560020,Dementia,115,20
2779,2780,P2780-0305-1,Ojas Sheth,2003-05-22,22,Male,O+,20.8,"H.No. 94, Bera Zila",561005,Dementia,61,55
2780,2781,P2781-9707-2,Piya Deshpande,1997-07-14,27,Female,A+,25.6,"H.No. 83, Dugar Zila",561002,Dementia,109,52
2781,2782,P2782-5511-1,Indrajit Bhagat,1955-11-30,69,Male,O+,22.2,"76/757, Sen Road",560003,Diabetes,75,3
2782,2783,P2783-7202-2,Adah Bhargava,1972-02-02,53,Female,B+,25.1,"99/833, Dada",571006,Gout,104,86
2783,2784,P2784-4609-1,Parinaaz Deep,1946-09-02,78,Male,O+,22.8,"57/367
Bhagat",570002,Epilepsy,81,72
2784,2785,P2785-7604-2,Zeeshan Agate,1976-04-04,49,Female,O-,25.5,"59/435
Kaul Street",560102,Epilepsy,108,33
2785,2786,P2786-5707-1,Vanya Mangal,1957-07-11,68,Male,AB+,24.7,"H.No. 55, Tiwari Marg",560020,Epilepsy,100,20
2786,2787,P2787-6703-2,Shlok Seth,1967-03-11,58,Female,O+,25.6,"547
Sen Street",570009,Depression,109,79
2787,2788,P2788-8011-2,Misha Vohra,1980-11-22,44,Female,B+,21.0,"H.No. 22
Tella Nagar",560029,Diabetes,63,29
2788,2789,P2789-4604-2,Aayush Iyer,1946-04-29,79,Female,O+,25.6,"76
Sahota Road",572001,Dementia,109,91
2789,2790,P2790-8806-1,Parinaaz Sura,1988-06-19,37,Male,O-,24.3,"32, Vala Path",560101,Healthy,96,32
2790,2791,P2791-9809-2,Nakul Gola,1998-09-21,26,Female,B-,26.8,"98/844
Date Nagar",572008,Gout,121,98
2791,2792,P2792-6106-1,Chirag Barad,1961-06-26,64,Male,O+,21.4,"62
Kapadia Street",560014,Dementia,67,14
2792,2793,P2793-9312-1,Adira Tak,1993-12-31,31,Male,O+,24.1,"H.No. 760, Rao",560209,Depression,94,50
2793,2794,P2794-7309-2,Arhaan Malhotra,1973-09-08,51,Female,O+,25.0,"04/475
Shankar Chowk",572010,Gout,103,100
2794,2795,P2795-8304-1,Samar Singhal,1983-04-09,42,Male,O+,21.9,"58, Barad Nagar",571007,Osteoporosis,72,87
2795,2796,P2796-8705-2,Saksham Dar,1987-05-11,38,Female,O-,24.7,"34
Shukla Road",560008,Osteoporosis,100,8
2796,2797,P2797-6909-1,Sara Setty,1969-09-01,55,Male,A+,26.5,"H.No. 008
Viswanathan Road",560015,Sleep Apnea,118,15
2797,2798,P2798-5708-1,Vidur Jayaraman,1957-08-19,67,Male,A-,22.8,"53/88
Wali Circle",560008,Diabetes,81,8
2798,2799,P2799-9006-1,Vidur Kibe,1990-06-26,35,Male,O+,22.0,"30/612, Sagar Path",560014,Depression,73,14
2799,2800,P2800-5411-1,Abram Ravi,1954-11-14,70,Male,O-,25.8,"54/012
Sekhon Chowk",560029,Hypertension,111,29
2800,2801,P2801-9508-1,Faiyaz Sodhi,1995-08-09,29,Male,O+,26.0,"193
Kapadia Nagar",571009,Gout,113,89
2801,2802,P2802-4205-1,Aaryahi Dugar,1942-05-09,83,Male,O-,23.1,"595, Soni Marg",560027,Heart Disease,84,27
2802,2803,P2803-4707-1,Myra Lata,1947-07-29,77,Male,A+,22.6,"332, Shanker Road",570009,Sleep Apnea,79,79
2803,2804,P2804-4109-1,Kimaya Karan,1941-09-04,83,Male,O+,22.3,"470
Suresh Path",561009,Healthy,76,59
2804,2805,P2805-8203-1,Baiju Deep,1982-03-09,43,Male,B-,23.0,"32/05, Bajwa Ganj",560024,Hypertension,83,24
2805,2806,P2806-5210-1,Prerak Chakrabarti,1952-10-05,72,Male,O+,25.9,"15/83, Manne Circle",560023,Sleep Apnea,112,23
2806,2807,P2807-9807-2,Jiya Contractor,1998-07-22,26,Female,AB+,22.7,"714
Bhattacharyya Zila",560021,Epilepsy,80,21
2807,2808,P2808-0505-2,Vanya Loke,2005-05-25,20,Female,O+,24.9,"26/29
Sule Zila",572002,Sleep Apnea,102,92
2808,2809,P2809-8602-2,Aradhya Arya,1986-02-26,39,Female,B+,25.1,"57/050, Chawla Nagar",561008,Dementia,104,58
2809,2810,P2810-6710-2,Madhav Guha,1967-10-24,57,Female,B+,24.6,"79/34, Bhatt Ganj",560029,Depression,99,29
2810,2811,P2811-8207-1,Kiaan Sen,1982-07-11,43,Male,B-,24.5,"H.No. 74, Dugar Path",560022,Epilepsy,98,22
2811,2812,P2812-4112-2,Kaira Deshmukh,1941-12-06,83,Female,O+,22.6,"99/693
Viswanathan Street",561004,Gout,79,54
2812,2813,P2813-7708-1,Vedika Golla,1977-08-01,47,Male,AB-,21.2,"82/891
Tiwari Street",560027,Diabetes,65,27
2813,2814,P2814-0408-2,Vritika Upadhyay,2004-08-12,20,Female,B+,25.7,"H.No. 67, Guha Marg",571009,Diabetes,110,89
2814,2815,P2815-6811-2,Sumer Sahota,1968-11-10,56,Female,B+,24.7,"11
Dyal Zila",560020,Dementia,100,20
2815,2816,P2816-0204-1,Amani Bhattacharyya,2002-04-04,23,Male,O+,25.0,"H.No. 249, Venkataraman Zila",572007,Dementia,103,97
2816,2817,P2817-7803-1,Aradhya Behl,1978-03-05,47,Male,O+,24.2,"41/51
Talwar Chowk",560008,Healthy,95,8
2817,2818,P2818-9501-2,Kaira Kumer,1995-01-04,30,Female,A+,23.5,"49
Gala Marg",561001,Heart Disease,88,51
2818,2819,P2819-0001-2,Vritika Krishnamurthy,2000-01-14,25,Female,O+,20.9,"H.No. 136
Agate Road",560004,Diabetes,62,4
2819,2820,P2820-7711-1,Navya Anne,1977-11-16,47,Male,A+,20.8,"96/119, Roy Path",570002,Sleep Apnea,61,72
2820,2821,P2821-8908-1,Vedika Cherian,1989-08-14,35,Male,A-,23.8,"09/025, Behl Zila",561010,Dementia,91,60
2821,2822,P2822-7308-1,Lavanya Balan,1973-08-15,51,Male,O-,24.8,"00
Saxena Street",561002,Gout,101,52
2822,2823,P2823-0101-2,Dhanush Chakrabarti,2001-01-28,24,Female,O-,26.0,"H.No. 16
Kurian Ganj",560204,Asthma,113,45
2823,2824,P2824-4210-1,Anika Sekhon,1942-10-04,82,Male,AB+,25.9,"171
Bansal Road",562006,Osteoporosis,112,66
2824,2825,P2825-0007-1,Ranbir Ahuja,2000-07-22,24,Male,O+,28.7,"080
Ganesh Road",561005,Depression,140,55
2825,2826,P2826-6410-2,Kartik Varty,1964-10-23,60,Female,O+,22.6,"177, Golla Circle",561010,Diabetes,79,60
2826,2827,P2827-7203-2,Myra Gill,1972-03-14,53,Female,O+,23.9,"74/80, Kapur Zila",560100,Osteoporosis,92,31
2827,2828,P2828-4104-1,Renee Dhawan,1941-04-02,84,Male,O+,20.9,"H.No. 310, Dhillon Ganj",570003,Diabetes,62,73
2828,2829,P2829-5312-1,Reyansh Dey,1953-12-29,71,Male,O-,24.4,"H.No. 20, Bora Nagar",560207,Osteoporosis,97,48
2829,2830,P2830-9505-2,Azad Sen,1995-05-16,30,Female,O+,25.5,"11/480, Srinivas Road",560103,Sleep Apnea,108,34
2830,2831,P2831-6603-2,Ritvik Lanka,1966-03-28,59,Female,A+,25.0,"H.No. 44, Hans Marg",560108,Gout,103,39
2831,2832,P2832-4504-2,Ivana Chander,1945-04-30,80,Female,O+,25.5,"55, Soni Zila",561003,Epilepsy,108,53
2832,2833,P2833-8601-1,Diya Thaman,1986-01-19,39,Male,AB+,22.8,"H.No. 16
Chauhan Ganj",572009,Epilepsy,81,99
2833,2834,P2834-4612-2,Jhanvi Goda,1946-12-22,78,Female,O+,24.7,"89/998, Chaudry",562009,Healthy,100,69
2834,2835,P2835-4803-2,Yuvaan Iyer,1948-03-26,77,Female,B+,25.8,"H.No. 91, Madan Chowk",571009,Heart Disease,111,89
2835,2836,P2836-8910-2,Sara Bajaj,1989-10-27,35,Female,B+,26.4,"H.No. 863
Gera Circle",572006,Dementia,117,96
2836,2837,P2837-4705-1,Kiaan Bansal,1947-05-19,78,Male,O+,21.2,"348
Hayer Circle",560021,Dementia,65,21
2837,2838,P2838-6603-1,Prisha Varty,1966-03-03,59,Male,O+,22.9,"H.No. 087, Lala",560011,Asthma,82,11
2838,2839,P2839-6302-1,Vedika Sami,1963-02-06,62,Male,B+,21.0,"710
Divan Street",561006,Hypertension,63,56
2839,2840,P2840-7501-2,Zeeshan Dar,1975-01-02,50,Female,O+,23.8,"H.No. 017
Bawa Marg",560014,Diabetes,91,14
2840,2841,P2841-4901-1,Ehsaan Samra,1949-01-27,76,Male,B+,23.3,"25
Konda",560006,Hypertension,86,6
2841,2842,P2842-4103-1,Trisha D’Alia,1941-03-19,84,Male,B+,24.3,"520, Issac Zila",560206,Healthy,96,47
2842,2843,P2843-7002-1,Alia Dixit,1970-02-19,55,Male,A+,25.0,"34
Saraf Path",560202,Diabetes,103,43
2843,2844,P2844-7706-2,Adira Kapur,1977-06-27,48,Female,B+,25.5,"09/87
Varghese Path",560021,Epilepsy,108,21
2844,2845,P2845-7606-1,Yasmin Srinivasan,1976-06-22,49,Male,O+,25.1,"H.No. 13
Vasa Street",570003,Depression,104,73
2845,2846,P2846-9005-1,Kavya Bhattacharyya,1990-05-02,35,Male,A-,22.2,"H.No. 27, Goyal Street",562010,Diabetes,75,70
2846,2847,P2847-5806-2,Nitya Bhardwaj,1958-06-16,67,Female,B+,26.5,"349
Roy Circle",560007,Asthma,118,7
2847,2848,P2848-5507-2,Seher Banik,1955-07-28,69,Female,A+,24.2,"H.No. 51, Gera Circle",560024,Hypertension,95,24
2848,2849,P2849-9109-2,Myra Luthra,1991-09-26,33,Female,A+,26.2,"716
Khatri Street",560105,Sleep Apnea,115,36
2849,2850,P2850-8704-1,Tanya Ram,1987-04-16,38,Male,A+,25.6,"96/12
Bandi Street",560209,Diabetes,109,50
2850,2851,P2851-5402-2,Romil Sankar,1954-02-01,71,Female,B+,23.3,"40/87, Chahal Road",571007,Hypertension,86,87
2851,2852,P2852-9407-1,Nehmat Sodhi,1994-07-29,30,Male,O+,28.9,"62/74, Khatri Nagar",560107,Epilepsy,142,38
2852,2853,P2853-4104-2,Pihu Ranganathan,1941-04-04,84,Female,B+,22.5,"48, Varghese Path",561009,Epilepsy,78,59
2853,2854,P2854-9409-2,Myra Kothari,1994-09-16,30,Female,A+,27.1,"H.No. 572
Lala Circle",560103,Sleep Apnea,124,34
2854,2855,P2855-0012-2,Parinaaz Saraf,2000-12-14,24,Female,A+,25.9,"448, Choudhury Nagar",562004,Heart Disease,112,64
2855,2856,P2856-5904-2,Nirvi Rao,1959-04-14,66,Female,A-,21.9,"H.No. 191
Krish Zila",560100,Asthma,72,31
2856,2857,P2857-4212-2,Khushi Chadha,1942-12-23,82,Female,O+,25.7,"19, Shetty Road",571005,Epilepsy,110,85
2857,2858,P2858-5408-1,Anay Kade,1954-08-11,70,Male,A+,24.8,"77/49
Wali Zila",560007,Heart Disease,101,7
2858,2859,P2859-5908-2,Manjari Chowdhury,1959-08-27,65,Female,O+,24.6,"42/62, Walla Nagar",560006,Asthma,99,6
2859,2860,P2860-9412-2,Renee Chokshi,1994-12-05,30,Female,O+,26.0,"H.No. 95, Chhabra Street",571002,Asthma,113,82
2860,2861,P2861-7012-1,Aarav Varkey,1970-12-08,54,Male,A+,23.8,"73/479
Gala Road",562008,Epilepsy,91,68
2861,2862,P2862-6305-2,Devansh Wable,1963-05-25,62,Female,A-,27.1,"25
Gandhi Path",561008,Asthma,124,58
2862,2863,P2863-8603-1,Abram Bajaj,1986-03-14,39,Male,B-,26.6,"H.No. 693
Hans Chowk",560028,Hypertension,119,28
2863,2864,P2864-7912-2,Adira Garg,1979-12-11,45,Female,B-,22.2,"H.No. 09, Basu Street",561010,Hypertension,75,60
2864,2865,P2865-8105-1,Zeeshan Basak,1981-05-26,44,Male,O+,24.1,"H.No. 17
Vora Marg",560011,Depression,94,11
2865,2866,P2866-5607-1,Yuvraj  Krish,1956-07-24,68,Male,A+,23.3,"304, Sethi Zila",560029,Asthma,86,29
2866,2867,P2867-7409-1,Keya Tripathi,1974-09-23,50,Male,O-,25.2,"01/00
Raval Chowk",560005,Epilepsy,105,5
2867,2868,P2868-0310-1,Samaira Baral,2003-10-12,21,Male,B-,24.3,"15/357
Thakkar Road",560101,Gout,96,32
2868,2869,P2869-4509-1,Nishith Basak,1945-09-07,79,Male,A+,23.3,"27
Lata Circle",560014,Healthy,86,14
2869,2870,P2870-5808-1,Rati Walia,1958-08-14,66,Male,B+,27.5,"68/97, Bansal Zila",562002,Dementia,128,62
2870,2871,P2871-7604-1,Saira Devan,1976-04-27,49,Male,B+,24.8,"413, Bhalla Chowk",571006,Hypertension,101,86
2871,2872,P2872-6701-1,Anika Dave,1967-01-12,58,Male,AB+,25.4,"18/14
Bhatnagar Path",560018,Healthy,107,18
2872,2873,P2873-7511-1,Divyansh Baria,1975-11-22,49,Male,B-,21.1,"H.No. 85
Kari",560206,Gout,64,47
2873,2874,P2874-9701-2,Rati Wagle,1997-01-02,28,Female,AB+,25.4,"H.No. 681
Shroff Chowk",561004,Healthy,107,54
2874,2875,P2875-6002-1,Darshit Bera,1960-02-17,65,Male,O-,25.9,"16/688, Butala Circle",560100,Heart Disease,112,31
2875,2876,P2876-6806-2,Kashvi Balasubramanian,1968-06-04,57,Female,O+,22.0,"59/221
Deshmukh Marg",571005,Heart Disease,73,85
2876,2877,P2877-4110-2,Ira Doshi,1941-10-19,83,Female,O+,28.1,"H.No. 869
Hayre Marg",571006,Epilepsy,134,86
2877,2878,P2878-9105-2,Amani Ratti,1991-05-22,34,Female,B+,24.0,"99/773, Ghosh Ganj",561008,Healthy,93,58
2878,2879,P2879-8501-1,Lakshay Shetty,1985-01-25,40,Male,O-,19.9,"200, Halder Zila",561007,Osteoporosis,52,57
2879,2880,P2880-7205-2,Baiju Som,1972-05-10,53,Female,B+,23.0,"10/53, Chander Chowk",560011,Healthy,83,11
2880,2881,P2881-7107-1,Dhanush Sura,1971-07-29,53,Male,B+,22.3,"22/04, Dasgupta Road",560029,Depression,76,29
2881,2882,P2882-8004-2,Adah Vora,1980-04-15,45,Female,O+,24.6,"H.No. 46, Ramakrishnan Chowk",561004,Hypertension,99,54
2882,2883,P2883-4411-1,Heer Bawa,1944-11-29,80,Male,A-,22.6,"H.No. 62
Lall Circle",570004,Sleep Apnea,79,74
2883,2884,P2884-5106-1,Urvi Chandra,1951-06-11,74,Male,B-,26.1,"26/61
Soman Path",571003,Epilepsy,114,83
2884,2885,P2885-5612-2,Suhana Ranganathan,1956-12-15,68,Female,B+,25.4,"H.No. 648, Kapoor Chowk",560011,Heart Disease,107,11
2885,2886,P2886-0404-1,Nitara Baria,2004-04-20,21,Male,AB+,25.9,"88/665
Sant Marg",562008,Sleep Apnea,112,68
2886,2887,P2887-5607-1,Faiyaz Chawla,1956-07-16,69,Male,B-,26.5,"H.No. 53, Choudhury Circle",561002,Depression,118,52
2887,2888,P2888-8712-1,Tushar Shah,1987-12-02,37,Male,A-,24.5,"H.No. 883, Bahl Circle",570001,Dementia,98,71
2888,2889,P2889-4110-2,Sumer Deo,1941-10-27,83,Female,B+,23.7,"65/271
Soni Nagar",560021,Heart Disease,90,21
2889,2890,P2890-9702-1,Urvi Reddy,1997-02-12,28,Male,B+,24.8,"226, Lanka Circle",570009,Osteoporosis,101,79
2890,2891,P2891-7506-1,Mahika Sen,1975-06-21,50,Male,O+,27.0,"H.No. 01
Das Circle",562002,Depression,123,62
2891,2892,P2892-4403-2,Urvi Buch,1944-03-08,81,Female,AB+,25.2,"93/30, Shan Marg",562008,Heart Disease,105,68
2892,2893,P2893-9312-2,Nayantara Ganesan,1993-12-18,31,Female,A+,26.3,"H.No. 077, Sathe Circle",560209,Diabetes,116,50
2893,2894,P2894-0507-2,Vivaan Viswanathan,2005-07-04,20,Female,O-,27.0,"65/901
Bhakta Chowk",560007,Sleep Apnea,123,7
2894,2895,P2895-7511-1,Badal Chadha,1975-11-05,49,Male,O+,21.1,"812, Choudhary Path",561007,Gout,64,57
2895,2896,P2896-8001-2,Adira Kari,1980-01-26,45,Female,A+,23.3,"31
Chaudhari Ganj",572009,Osteoporosis,86,99
2896,2897,P2897-8105-1,Samaira Ramanathan,1981-05-06,44,Male,B+,25.1,"53/983, Dutta Ganj",560003,Gout,104,3
2897,2898,P2898-8204-2,Piya Tailor,1982-04-22,43,Female,B+,24.8,"64, Sama Road",572003,Dementia,101,93
2898,2899,P2899-6206-1,Siya Khanna,1962-06-09,63,Male,A+,26.3,"84/53
Sha Chowk",561003,Heart Disease,116,53
2899,2900,P2900-9112-2,Kanav Bhavsar,1991-12-27,33,Female,O-,26.4,"H.No. 15
Sen",572001,Healthy,117,91
2900,2901,P2901-0004-2,Yuvaan Sant,2000-04-20,25,Female,O+,24.3,"59
Thaman Road",562002,Depression,96,62
2901,2902,P2902-0405-1,Lakshay Dixit,2004-05-28,21,Male,B-,23.1,"35/120
Garg Ganj",560021,Asthma,84,21
2902,2903,P2903-7004-2,Pari Borah,1970-04-22,55,Female,AB+,24.4,"417, Rajan Zila",562005,Asthma,97,65
2903,2904,P2904-6903-1,Rania Chanda,1969-03-11,56,Male,O+,24.0,"H.No. 081
Ram Zila",560026,Heart Disease,93,26
2904,2905,P2905-7808-1,Siya Kapoor,1978-08-24,46,Male,O+,25.7,"71/466
Majumdar Chowk",570002,Asthma,110,72
2905,2906,P2906-5410-1,Taimur Bali,1954-10-30,70,Male,B-,27.7,"60/827, Mallick Zila",560204,Healthy,130,45
2906,2907,P2907-6909-1,Stuvan Dhingra,1969-09-26,55,Male,B+,24.3,"01
Varghese Circle",560021,Osteoporosis,96,21
2907,2908,P2908-8108-1,Vedika Lata,1981-08-05,43,Male,B+,22.1,"H.No. 49
Issac",561004,Epilepsy,74,54
2908,2909,P2909-6405-2,Kartik Khanna,1964-05-19,61,Female,B+,24.0,"05/146
Basak",560018,Heart Disease,93,18
2909,2910,P2910-4910-2,Jiya Sehgal,1949-10-30,75,Female,O-,22.6,"01/904, Grewal Ganj",560100,Osteoporosis,79,31
2910,2911,P2911-7510-1,Inaaya  Sarkar,1975-10-24,49,Male,O+,21.8,"941
Verma Zila",570003,Gout,71,73
2911,2912,P2912-9104-1,Hridaan Bhargava,1991-04-15,34,Male,O+,21.8,"913, Bawa Ganj",571007,Asthma,71,87
2912,2913,P2913-6601-2,Vedika Kala,1966-01-12,59,Female,A+,25.7,"H.No. 421
Chaudhari Path",560006,Healthy,110,6
2913,2914,P2914-8006-1,Zain Din,1980-06-23,45,Male,AB+,21.5,"84, Gola Circle",572001,Asthma,68,91
2914,2915,P2915-0009-1,Hunar Mammen,2000-09-09,24,Male,A+,27.9,"29/13, Chandran",560107,Epilepsy,132,38
2915,2916,P2916-8701-1,Mannat Bera,1987-01-11,38,Male,O+,20.5,"H.No. 04
Balan Zila",570004,Epilepsy,58,74
2916,2917,P2917-5007-2,Amani Saini,1950-07-13,75,Female,O+,23.9,"H.No. 89
Mammen",560005,Depression,92,5
2917,2918,P2918-9801-2,Damini Sheth,1998-01-27,27,Female,B-,27.4,"11
Yohannan Zila",560015,Heart Disease,127,15
2918,2919,P2919-5809-2,Mehul Bhagat,1958-09-03,66,Female,A+,22.2,"H.No. 38
Verma Marg",560005,Heart Disease,75,5
2919,2920,P2920-0408-1,Keya Baria,2004-08-25,20,Male,AB+,23.9,"28, Doctor Path",560201,Epilepsy,92,42
2920,2921,P2921-6211-1,Ojas Bakshi,1962-11-29,62,Male,A+,26.5,"H.No. 632, Sood Zila",561005,Osteoporosis,118,55
2921,2922,P2922-5405-2,Chirag Magar,1954-05-05,71,Female,O+,22.8,"78/59, Bhattacharyya Path",560209,Diabetes,81,50
2922,2923,P2923-4411-2,Eshani Datta,1944-11-27,80,Female,B+,22.9,"H.No. 45, Chaudhuri Zila",562008,Healthy,82,68
2923,2924,P2924-5004-1,Vedika Iyengar,1950-04-19,75,Male,A+,23.6,"44, Dube Road",560204,Sleep Apnea,89,45
2924,2925,P2925-4107-1,Anvi Sarkar,1941-07-23,83,Male,A+,25.1,"H.No. 741
Khurana Road",560101,Healthy,104,32
2925,2926,P2926-4402-1,Raghav Dar,1944-02-07,81,Male,A+,24.0,"H.No. 02
Sundaram Circle",560102,Heart Disease,93,33
2926,2927,P2927-0511-1,Taran Dara,2005-11-18,19,Male,O+,23.1,"15/863
Hari Chowk",560025,Osteoporosis,84,25
2927,2928,P2928-4705-2,Raghav Sunder,1947-05-13,78,Female,A+,22.1,"H.No. 01
Varughese Marg",560013,Dementia,74,13
2928,2929,P2929-7704-1,Shray Chadha,1977-04-08,48,Male,B-,21.3,"67/36
Dash Circle",571007,Depression,66,87
2929,2930,P2930-5906-2,Dhruv Sandhu,1959-06-14,66,Female,A+,21.8,"34
Mani Chowk",571010,Gout,71,90
2930,2931,P2931-9802-2,Urvi Bawa,1998-02-25,27,Female,O+,23.8,"H.No. 289
Joshi Ganj",560010,Heart Disease,91,10
2931,2932,P2932-4409-2,Riya Mahajan,1944-09-30,80,Female,O+,25.0,"25/928
Lala Nagar",560200,Healthy,103,41
2932,2933,P2933-7210-1,Gokul Kurian,1972-10-27,52,Male,AB+,22.3,"40/066
Magar Road",570001,Sleep Apnea,76,71
2933,2934,P2934-5001-1,Mishti Wason,1950-01-31,75,Male,O+,25.5,"00/638, Sodhi Nagar",560101,Epilepsy,108,32
2934,2935,P2935-0503-1,Chirag Hayre,2005-03-26,20,Male,O+,23.3,"23
Aurora",560027,Depression,86,27
2935,2936,P2936-8309-2,Lakshay Bal,1983-09-04,41,Female,AB+,23.2,"52/57
Mand Street",572005,Dementia,85,95
2936,2937,P2937-5407-1,Ishita Ram,1954-07-29,70,Male,O+,22.8,"95/71, Choudhary",562006,Osteoporosis,81,66
2937,2938,P2938-5204-1,Rania Dhingra,1952-04-13,73,Male,AB+,27.4,"H.No. 644
Bansal Marg",560102,Heart Disease,127,33
2938,2939,P2939-9701-1,Kartik Savant,1997-01-29,28,Male,AB+,23.7,"76/160
Dani Street",570001,Osteoporosis,90,71
2939,2940,P2940-8206-1,Amani Kari,1982-06-06,43,Male,B+,24.4,"60/839, Chopra Ganj",562008,Heart Disease,97,68
2940,2941,P2941-4706-2,Priyansh Venkatesh,1947-06-22,78,Female,A+,24.8,"H.No. 05
Behl Nagar",560102,Heart Disease,101,33
2941,2942,P2942-5805-1,Abram Dhar,1958-05-15,67,Male,O+,23.6,"70/620
Chahal Circle",562001,Epilepsy,89,61
2942,2943,P2943-0005-2,Misha Thaman,2000-05-13,25,Female,O+,24.7,"14/55, Sehgal Chowk",560109,Epilepsy,100,40
2943,2944,P2944-0407-2,Divit Bora,2004-07-31,20,Female,O+,23.1,"H.No. 856, Sagar",571008,Healthy,84,88
2944,2945,P2945-6406-1,Vritika Brahmbhatt,1964-06-06,61,Male,A+,25.6,"H.No. 66, Aggarwal Nagar",560105,Dementia,109,36
2945,2946,P2946-8407-2,Samarth Anand,1984-07-15,40,Female,A+,25.8,"81
Sagar Road",571001,Heart Disease,111,81
2946,2947,P2947-0304-1,Ayesha Savant,2003-04-18,22,Male,B+,23.2,"H.No. 26
Sandal Ganj",560201,Diabetes,85,42
2947,2948,P2948-4110-1,Darshit Behl,1941-10-26,83,Male,O+,22.9,"18/49
Vaidya Nagar",560109,Healthy,82,40
2948,2949,P2949-7207-1,Samaira Bhatti,1972-07-01,53,Male,A+,24.8,"32, Vig Street",560028,Sleep Apnea,101,28
2949,2950,P2950-4607-2,Biju Dani,1946-07-25,78,Female,O+,25.5,"H.No. 82
Yogi Ganj",560019,Osteoporosis,108,19
2950,2951,P2951-7202-1,Reyansh Chopra,1972-02-22,53,Male,O+,24.3,"44
Chacko Street",560105,Heart Disease,96,36
2951,2952,P2952-5412-1,Bhamini Balay,1954-12-14,70,Male,O+,22.1,"26, Sengupta Circle",560003,Diabetes,74,3
2952,2953,P2953-7801-1,Dharmajan Sampath,1978-01-29,47,Male,O+,21.5,"05/367, Krishnamurthy Circle",560104,Heart Disease,68,35
2953,2954,P2954-4508-1,Ehsaan Dyal,1945-08-12,79,Male,O+,25.8,"21/290, Talwar Nagar",562004,Epilepsy,111,64
2954,2955,P2955-7612-2,Samiha Bhalla,1976-12-28,48,Female,O-,24.5,"H.No. 39, Desai Zila",560003,Heart Disease,98,3
2955,2956,P2956-9001-2,Reyansh Madan,1990-01-24,35,Female,B+,26.0,"13/10, Doshi Nagar",560029,Gout,113,29
2956,2957,P2957-9012-2,Diya Baral,1990-12-10,34,Female,A-,26.5,"64, Bahl Ganj",561008,Asthma,118,58
2957,2958,P2958-4705-2,Ishita Goyal,1947-05-27,78,Female,A+,24.1,"53/060, Dixit Zila",560007,Heart Disease,94,7
2958,2959,P2959-9206-1,Hrishita Anand,1992-06-19,33,Male,O+,27.1,"40/903, Ranganathan Marg",560203,Osteoporosis,124,44
2959,2960,P2960-6103-1,Lakshay Thaker,1961-03-16,64,Male,A+,24.3,"273, Gera Zila",562005,Healthy,96,65
2960,2961,P2961-4306-1,Aarav Bahl,1943-06-02,82,Male,O-,26.0,"52/28
Deshmukh Zila",561007,Asthma,113,57
2961,2962,P2962-9411-2,Alia Bhalla,1994-11-20,30,Female,O-,22.7,"H.No. 77
Kurian Ganj",560013,Diabetes,80,13
2962,2963,P2963-8605-2,Saanvi Batta,1986-05-02,39,Female,A+,24.9,"H.No. 429, Sarin Street",570008,Dementia,102,78
2963,2964,P2964-6104-1,Tara Badal,1961-04-13,64,Male,B-,24.5,"66
Baria Nagar",570010,Hypertension,98,80
2964,2965,P2965-5601-1,Charvi Kari,1956-01-25,69,Male,A+,22.5,"H.No. 934, Chacko Street",560107,Asthma,78,38
2965,2966,P2966-6204-2,Ishaan Varma,1962-04-21,63,Female,O-,25.0,"02/50, Das Nagar",560009,Asthma,103,9
2966,2967,P2967-6802-1,Zeeshan Kata,1968-02-24,57,Male,O+,15.9,"12, Rout Circle",560015,Heart Disease,12,15
2967,2968,P2968-5911-2,Siya Vyas,1959-11-16,65,Female,B-,20.4,"19, Boase Nagar",570005,Epilepsy,57,75
2968,2969,P2969-9809-1,Jhanvi Kulkarni,1998-09-26,26,Male,B-,23.5,"19/96, Issac",560105,Diabetes,88,36
2969,2970,P2970-7207-1,Anahita Lall,1972-07-07,53,Male,O+,24.0,"07/24
Devi Chowk",561005,Epilepsy,93,55
2970,2971,P2971-6408-1,Navya Hans,1964-08-17,60,Male,O-,24.7,"H.No. 101, Gour",560016,Osteoporosis,100,16
2971,2972,P2972-4101-1,Shlok Mall,1941-01-01,84,Male,A-,23.7,"64/12
Agrawal Chowk",560209,Gout,90,50
2972,2973,P2973-9605-1,Zoya Dugal,1996-05-23,29,Male,A+,24.0,"840, Chanda Road",570005,Depression,93,75
2973,2974,P2974-5104-1,Emir Kunda,1951-04-23,74,Male,A+,22.7,"50/508
Bhattacharyya Chowk",561007,Healthy,80,57
2974,2975,P2975-9504-2,Advika Chauhan,1995-04-22,30,Female,AB+,25.2,"77
Badal Nagar",562003,Osteoporosis,105,63
2975,2976,P2976-5902-2,Saksham Bhatnagar,1959-02-10,66,Female,B-,25.2,"42/08, Jain Street",560025,Osteoporosis,105,25
2976,2977,P2977-9306-1,Ishaan Sant,1993-06-17,32,Male,O+,25.7,"70/108
Lad Zila",560008,Gout,110,8
2977,2978,P2978-8610-1,Kaira Kar,1986-10-06,38,Male,A+,24.2,"63/846, Sem Marg",571010,Epilepsy,95,90
2978,2979,P2979-4204-2,Zeeshan Arora,1942-04-01,83,Female,B+,24.4,"88/244
Majumdar Zila",570008,Healthy,97,78
2979,2980,P2980-6203-2,Adah Vohra,1962-03-29,63,Female,AB+,24.1,"83/20, Lad Street",560017,Healthy,94,17
2980,2981,P2981-8605-1,Ehsaan Sinha,1986-05-30,39,Male,O+,22.7,"H.No. 04
Gala Circle",561004,Dementia,80,54
2981,2982,P2982-4811-1,Nehmat Shukla,1948-11-03,76,Male,AB+,24.5,"H.No. 088
Bhat",560020,Hypertension,98,20
2982,2983,P2983-4810-1,Tushar Chopra,1948-10-26,76,Male,A-,22.9,"65/24, Ramakrishnan Chowk",570008,Hypertension,82,78
2983,2984,P2984-8207-2,Ryan Suri,1982-07-04,43,Female,B+,24.1,"H.No. 52, Dalal Marg",561004,Sleep Apnea,94,54
2984,2985,P2985-8101-2,Emir Comar,1981-01-23,44,Female,O+,26.8,"H.No. 852, Tripathi Marg",572005,Epilepsy,121,95
2985,2986,P2986-7710-2,Keya Sarkar,1977-10-23,47,Female,O+,23.0,"70/47
Mani Road",572009,Diabetes,83,99
2986,2987,P2987-8806-1,Sana Kashyap,1988-06-17,37,Male,A+,22.1,"82
Dhaliwal Marg",570007,Dementia,74,77
2987,2988,P2988-7109-1,Veer Buch,1971-09-27,53,Male,O+,19.7,"851
Sunder Zila",570002,Sleep Apnea,50,72
2988,2989,P2989-6007-1,Aaryahi Krishnan,1960-07-18,64,Male,B+,27.0,"29/14, Banik Circle",562009,Healthy,123,69
2989,2990,P2990-7609-1,Advik Krish,1976-09-16,48,Male,A-,25.0,"11, Mandal Zila",570002,Sleep Apnea,103,72
2990,2991,P2991-6210-2,Kashvi Ganesh,1962-10-05,62,Female,A+,23.5,"93/147, Uppal Marg",560004,Depression,88,4
2991,2992,P2992-5510-2,Ivan Raval,1955-10-02,69,Female,B+,25.3,"27/81, Borde Zila",571006,Gout,106,86
2992,2993,P2993-5712-1,Bhavin Bhandari,1957-12-26,67,Male,B-,19.7,"38/22
Sharaf Nagar",570005,Hypertension,50,75
2993,2994,P2994-5403-2,Suhana Khatri,1954-03-13,71,Female,O+,23.7,"H.No. 931
Baral Chowk",560025,Osteoporosis,90,25
2994,2995,P2995-7708-1,Anahi Bhagat,1977-08-23,47,Male,AB+,22.8,"167
Chaudhary",572001,Epilepsy,81,91
2995,2996,P2996-0305-2,Amani Gulati,2003-05-28,22,Female,O+,24.0,"35/04, Sami Path",560008,Gout,93,8
2996,2997,P2997-4110-1,Neysa Ravi,1941-10-11,83,Male,O+,21.8,"81/653, Dhaliwal Street",571005,Dementia,71,85
2997,2998,P2998-4312-1,Dhanuk Dutt,1943-12-27,81,Male,A+,27.1,"81
Varty Zila",571002,Asthma,124,82
2998,2999,P2999-4510-1,Gokul Mand,1945-10-01,79,Male,B+,24.6,"94/243
Ram Road",570006,Depression,99,76
2999,3000,P3000-4702-1,Mannat Atwal,1947-02-05,78,Male,B+,26.2,"724
Chadha Circle",560204,Hypertension,115,45
3000,3001,P3001-8907-2,Divij Contractor,1989-07-23,35,Female,O+,25.6,"50/807, Hayre",560205,Healthy,109,46
3001,3002,P3002-4103-2,Reyansh Choudhary,1941-03-24,84,Female,A+,24.2,"H.No. 46, Verma Marg",571003,Healthy,95,83
3002,3003,P3003-4806-2,Rasha Soman,1948-06-09,77,Female,O+,25.4,"12/076
Gaba Zila",560015,Dementia,107,15
3003,3004,P3004-5612-1,Badal Badal,1956-12-09,68,Male,O+,27.8,"H.No. 150
Setty Ganj",570010,Epilepsy,131,80
3004,3005,P3005-8806-2,Anika Gour,1988-06-26,37,Female,A+,26.6,"H.No. 71
Seshadri Zila",560016,Healthy,119,16
3005,3006,P3006-0101-1,Krish Das,2001-01-10,24,Male,AB+,25.0,"H.No. 040, Apte Nagar",570007,Gout,103,77
3006,3007,P3007-7607-2,Dhruv Bose,1976-07-26,48,Female,A+,23.5,"17/382, Chaudhari Path",572001,Hypertension,88,91
3007,3008,P3008-4409-2,Divyansh Ghosh,1944-09-22,80,Female,O+,25.1,"85/737, Bal Street",571010,Dementia,104,90
3008,3009,P3009-7206-2,Shamik Shukla,1972-06-08,53,Female,AB-,25.5,"80/12
Loke Zila",571005,Epilepsy,108,85
3009,3010,P3010-8610-1,Anika Raja,1986-10-22,38,Male,O-,25.6,"719
Lanka Road",560010,Asthma,109,10
3010,3011,P3011-6111-2,Gokul Gill,1961-11-16,63,Female,O+,23.7,"H.No. 62
Yohannan Ganj",560013,Gout,90,13
3011,3012,P3012-9403-1,Sara Lall,1994-03-24,31,Male,O+,18.8,"27, Chhabra Nagar",562008,Sleep Apnea,41,68
3012,3013,P3013-6803-2,Fateh Magar,1968-03-24,57,Female,B+,21.8,"H.No. 372
Gopal Road",562001,Dementia,71,61
3013,3014,P3014-5701-2,Urvi Raval,1957-01-10,68,Female,B+,25.2,"H.No. 04
Shroff Nagar",560101,Epilepsy,105,32
3014,3015,P3015-5605-1,Ahana  Sharaf,1956-05-15,69,Male,O+,23.0,"24/96
Tara Zila",572008,Hypertension,83,98
3015,3016,P3016-7210-1,Khushi Hayer,1972-10-03,52,Male,O+,24.1,"40/38
Bhatti",561009,Sleep Apnea,94,59
3016,3017,P3017-0408-2,Himmat Ghose,2004-08-15,20,Female,AB+,24.5,"66
Kala Nagar",560022,Depression,98,22
3017,3018,P3018-6107-1,Nakul Krish,1961-07-11,64,Male,O+,28.4,"79, Dora Road",572008,Hypertension,137,98
3018,3019,P3019-5103-2,Eva Badami,1951-03-27,74,Female,B+,23.5,"H.No. 13
Chadha Circle",560013,Asthma,88,13
3019,3020,P3020-4411-2,Divyansh Contractor,1944-11-23,80,Female,B-,23.3,"53/529, Contractor Nagar",571009,Epilepsy,86,89
3020,3021,P3021-8307-2,Raghav Bajwa,1983-07-25,41,Female,B+,28.0,"411, Aggarwal Path",560007,Osteoporosis,133,7
3021,3022,P3022-9406-2,Anay Seshadri,1994-06-14,31,Female,A-,26.3,"44
Taneja Ganj",560025,Hypertension,116,25
3022,3023,P3023-5004-2,Indrans Madan,1950-04-13,75,Female,O-,25.4,"28/696
Chandra Ganj",560200,Hypertension,107,41
3023,3024,P3024-0009-2,Vardaniya Warrior,2000-09-05,24,Female,O+,25.0,"06
Goel Road",562001,Healthy,103,61
3024,3025,P3025-9505-2,Nehmat Sandhu,1995-05-31,30,Female,B-,21.2,"78
Bhasin Zila",560020,Hypertension,65,20
3025,3026,P3026-7104-1,Pari Saraf,1971-04-18,54,Male,O-,23.5,"81
Bhandari",571004,Asthma,88,84
3026,3027,P3027-4903-2,Eva Saran,1949-03-09,76,Female,O+,22.5,"12/187, Korpal",571004,Dementia,78,84
3027,3028,P3028-6401-1,Jiya Soni,1964-01-30,61,Male,A-,25.4,"70/183
Sheth Road",560004,Healthy,107,4
3028,3029,P3029-6505-2,Arnav Batta,1965-05-03,60,Female,A+,23.6,"58/20
Chandra Chowk",560200,Dementia,89,41
3029,3030,P3030-0409-1,Saanvi Manda,2004-09-02,20,Male,O+,24.2,"H.No. 655
Kalita Circle",560029,Healthy,95,29
3030,3031,P3031-9803-1,Yasmin Chandran,1998-03-22,27,Male,B-,23.1,"12
Gill Circle",570008,Osteoporosis,84,78
3031,3032,P3032-8612-1,Shanaya Mangal,1986-12-25,38,Male,AB+,21.4,"48/741, Rama Circle",560023,Sleep Apnea,67,23
3032,3033,P3033-7909-1,Manikya Gour,1979-09-06,45,Male,AB+,22.2,"74, Khanna Marg",560019,Osteoporosis,75,19
3033,3034,P3034-5909-1,Tiya Chopra,1959-09-26,65,Male,AB+,23.7,"836, Sinha Chowk",570001,Gout,90,71
3034,3035,P3035-9105-1,Yasmin Bhatti,1991-05-31,34,Male,AB+,25.3,"H.No. 29
Dutta Path",561006,Depression,106,56
3035,3036,P3036-4008-1,Advik Soman,1940-08-24,84,Male,O+,17.3,"20
Bhatt Circle",560206,Healthy,26,47
3036,3037,P3037-6006-2,Keya Thakkar,1960-06-04,65,Female,O-,27.6,"997
Bhatia",560024,Sleep Apnea,129,24
3037,3038,P3038-5407-1,Aayush Zacharia,1954-07-13,71,Male,A+,26.9,"36/787
Goda Circle",562003,Healthy,122,63
3038,3039,P3039-9503-2,Onkar Agate,1995-03-15,30,Female,O-,27.9,"90, Hora Ganj",570002,Sleep Apnea,132,72
3039,3040,P3040-7001-2,Kartik Varughese,1970-01-06,55,Female,AB+,23.1,"45, Choudhry",560024,Epilepsy,84,24
3040,3041,P3041-8308-1,Fateh Kapoor,1983-08-17,41,Male,B+,24.5,"15/471
Kadakia Path",571004,Depression,98,84
3041,3042,P3042-7009-2,Trisha Bhattacharyya,1970-09-16,54,Female,B+,25.8,"H.No. 75, Vora Nagar",560209,Gout,111,50
3042,3043,P3043-6508-2,Rasha Babu,1965-08-30,59,Female,B+,21.6,"41/55, Rajagopalan Path",560021,Asthma,69,21
3043,3044,P3044-5110-1,Samiha Uppal,1951-10-10,73,Male,A+,27.1,"H.No. 51
Chatterjee Zila",560023,Dementia,124,23
3044,3045,P3045-7206-2,Ranbir Hari,1972-06-27,53,Female,O+,24.6,"21, Ghose Path",572001,Epilepsy,99,91
3045,3046,P3046-8609-1,Aayush Doctor,1986-09-27,38,Male,B+,23.1,"640
Bhasin Path",570009,Osteoporosis,84,79
3046,3047,P3047-4709-1,Farhan Mangal,1947-09-04,77,Male,O+,24.9,"H.No. 39
Kar Nagar",560100,Heart Disease,102,31
3047,3048,P3048-5912-1,Yuvaan Apte,1959-12-22,65,Male,B+,22.6,"H.No. 812
Tak Nagar",571006,Hypertension,79,86
3048,3049,P3049-8303-1,Akarsh Ravel,1983-03-07,42,Male,B+,28.2,"393
Dutt Chowk",571003,Depression,135,83
3049,3050,P3050-9407-1,Chirag Solanki,1994-07-11,30,Male,B+,22.0,"56, Uppal Ganj",572010,Healthy,73,100
3050,3051,P3051-0206-1,Samaira Dutt,2002-06-05,23,Male,A+,23.4,"H.No. 349
Garg Chowk",560020,Gout,87,20
3051,3052,P3052-6608-1,Dhanuk Behl,1966-08-19,58,Male,O+,20.6,"H.No. 32, Saxena Circle",571010,Hypertension,59,90
3052,3053,P3053-4404-1,Arhaan Doctor,1944-04-22,81,Male,A+,25.2,"H.No. 016
Bassi Circle",561010,Epilepsy,105,60
3053,3054,P3054-5802-2,Hiran Bhandari,1958-02-07,67,Female,B+,24.6,"H.No. 348, Dewan Chowk",572007,Sleep Apnea,99,97
3054,3055,P3055-9907-2,Keya Bains,1999-07-12,25,Female,B+,24.0,"37/059, Wali Circle",572002,Heart Disease,93,92
3055,3056,P3056-9802-2,Rati Dash,1998-02-27,27,Female,A+,23.0,"42/237
Lalla Street",571010,Epilepsy,83,90
3056,3057,P3057-4906-2,Dhruv Kant,1949-06-24,76,Female,O+,24.1,"51
Behl Road",571004,Heart Disease,94,84
3057,3058,P3058-4202-2,Nakul Virk,1942-02-14,83,Female,AB+,25.8,"03, Kurian Ganj",562010,Healthy,111,70
3058,3059,P3059-8804-1,Abram Bains,1988-04-18,37,Male,O+,24.2,"130
Dhaliwal Road",562010,Dementia,95,70
3059,3060,P3060-7809-2,Indrans Bhardwaj,1978-09-14,46,Female,O-,27.4,"H.No. 22
Aurora Path",560207,Depression,127,48
3060,3061,P3061-5102-2,Ritvik Bora,1951-02-02,74,Female,A-,25.5,"15/360
Bath Path",572002,Dementia,108,92
3061,3062,P3062-9611-2,Ivana Chhabra,1996-11-07,28,Female,A-,23.5,"96/467
Chaudhary Road",561007,Dementia,88,57
3062,3063,P3063-4703-2,Riya Desai,1947-03-07,78,Female,B+,20.7,"59/289
Sampath Road",571008,Healthy,60,88
3063,3064,P3064-8509-1,Anvi Soni,1985-09-16,39,Male,O+,23.4,"H.No. 988
Kalla Street",571009,Epilepsy,87,89
3064,3065,P3065-5407-1,Zaina Ramaswamy,1954-07-06,71,Male,O+,21.9,"H.No. 490, Thaker Path",561007,Osteoporosis,72,57
3065,3066,P3066-5104-2,Advika Ratti,1951-04-04,74,Female,O+,23.3,"53/148, Kalita Circle",560203,Gout,86,44
3066,3067,P3067-8910-1,Shlok Tank,1989-10-03,35,Male,A-,23.6,"H.No. 542, Bala Ganj",562007,Heart Disease,89,67
3067,3068,P3068-5811-1,Indrajit Bhattacharyya,1958-11-10,66,Male,O+,21.2,"192, Gour Nagar",560207,Healthy,65,48
3068,3069,P3069-0505-1,Samar Krishnan,2005-05-19,20,Male,AB+,23.2,"H.No. 91, Ramaswamy Nagar",572010,Sleep Apnea,85,100
3069,3070,P3070-8607-1,Ivana Savant,1986-07-15,38,Male,B+,24.3,"H.No. 700
Varghese",562004,Diabetes,96,64
3070,3071,P3071-9703-2,Khushi Brar,1997-03-13,28,Female,B+,20.6,"93/843
Sarma Road",570010,Depression,59,80
3071,3072,P3072-7803-2,Suhana Boase,1978-03-07,47,Female,A+,21.9,"92, Rege Road",571002,Heart Disease,72,82
3072,3073,P3073-6609-1,Rania Chadha,1966-09-29,58,Male,AB+,23.3,"H.No. 60, Majumdar Path",560105,Gout,86,36
3073,3074,P3074-0407-1,Yasmin Gokhale,2004-07-06,21,Male,O+,24.5,"H.No. 626, Gole Path",560104,Heart Disease,98,35
3074,3075,P3075-5506-2,Ela Toor,1955-06-24,70,Female,A-,25.0,"99/83
Sinha Zila",570010,Depression,103,80
3075,3076,P3076-6806-1,Advika Chowdhury,1968-06-22,57,Male,AB+,21.3,"91/58
Kohli Zila",560101,Hypertension,66,32
3076,3077,P3077-9601-2,Sana Sura,1996-01-24,29,Female,AB+,23.9,"42/44
Guha Road",560017,Hypertension,92,17
3077,3078,P3078-6810-2,Hansh Loyal,1968-10-08,56,Female,O-,23.0,"H.No. 515
Chhabra Circle",571003,Depression,83,83
3078,3079,P3079-7410-2,Aaryahi Tella,1974-10-02,50,Female,A-,22.8,"H.No. 52
Shah Chowk",570009,Hypertension,81,79
3079,3080,P3080-4806-2,Lavanya Kannan,1948-06-08,77,Female,A+,27.2,"61
Balay Nagar",560200,Heart Disease,125,41
3080,3081,P3081-7901-1,Sana Sidhu,1979-01-09,46,Male,O-,23.1,"59/72, Chowdhury",571004,Asthma,84,84
3081,3082,P3082-6608-2,Farhan Lanka,1966-08-29,58,Female,B+,23.0,"H.No. 218
Sur Chowk",572002,Dementia,83,92
3082,3083,P3083-8310-2,Arhaan Issac,1983-10-30,41,Female,A+,22.0,"H.No. 164, Sen Chowk",562002,Heart Disease,73,62
3083,3084,P3084-5808-2,Nehmat Kuruvilla,1958-08-05,66,Female,O+,25.9,"H.No. 94
Mani Road",560202,Gout,112,43
3084,3085,P3085-0205-1,Krish Bhavsar,2002-05-29,23,Male,B+,24.7,"53/245
Loyal Nagar",562005,Sleep Apnea,100,65
3085,3086,P3086-0508-2,Kashvi Sekhon,2005-08-29,19,Female,A+,24.6,"01
Baria Circle",560007,Sleep Apnea,99,7
3086,3087,P3087-8404-2,Trisha Suri,1984-04-17,41,Female,O-,25.0,"58/25
Kade",560002,Asthma,103,2
3087,3088,P3088-9708-1,Shalv Aurora,1997-08-08,27,Male,AB+,24.0,"H.No. 49
Joshi Nagar",572002,Depression,93,92
3088,3089,P3089-8302-1,Khushi Barad,1983-02-06,42,Male,O+,21.3,"54/639
Deo Zila",560018,Heart Disease,66,18
3089,3090,P3090-4206-1,Jiya Dora,1942-06-26,83,Male,O+,27.0,"92
Sanghvi Marg",570002,Epilepsy,123,72
3090,3091,P3091-9002-2,Ishaan Dave,1990-02-27,35,Female,O+,25.7,"H.No. 658
Singhal Nagar",560200,Healthy,110,41
3091,3092,P3092-9512-2,Samar Bala,1995-12-21,29,Female,A+,25.5,"89/43, Ranganathan Road",561004,Asthma,108,54
3092,3093,P3093-4210-1,Tarini Gaba,1942-10-02,82,Male,AB+,24.2,"236
Kalita",560208,Asthma,95,49
3093,3094,P3094-6406-2,Mannat Sathe,1964-06-19,61,Female,AB+,23.2,"16/740
Karpe Nagar",560006,Epilepsy,85,6
3094,3095,P3095-8709-1,Stuvan Dugar,1987-09-14,37,Male,B+,25.9,"97
Ramachandran Street",560100,Hypertension,112,31
3095,3096,P3096-8301-2,Hunar Lad,1983-01-14,42,Female,B+,25.9,"10/24, Dara Nagar",560001,Depression,112,1
3096,3097,P3097-9504-2,Fateh Agarwal,1995-04-07,30,Female,B+,25.7,"H.No. 930, Bajwa Circle",570009,Heart Disease,110,79
3097,3098,P3098-8504-2,Ryan Bail,1985-04-08,40,Female,O+,23.2,"96/219
Keer Ganj",572009,Dementia,85,99
3098,3099,P3099-7205-1,Ayesha Kumer,1972-05-13,53,Male,A+,22.4,"H.No. 980, Bhatt Marg",560007,Dementia,77,7
3099,3100,P3100-7804-1,Samarth Sehgal,1978-04-18,47,Male,O+,21.6,"38, Taneja Path",560106,Asthma,69,37
3100,3101,P3101-6903-2,Adah Bhagat,1969-03-31,56,Female,A+,23.5,"83/58, Kuruvilla Ganj",561009,Osteoporosis,88,59
3101,3102,P3102-8510-2,Dhanush Dara,1985-10-07,39,Female,O+,20.1,"H.No. 807
Lall Road",562010,Gout,54,70
3102,3103,P3103-9703-2,Lavanya Master,1997-03-19,28,Female,A+,24.5,"64, Venkatesh Zila",571010,Asthma,98,90
3103,3104,P3104-7509-2,Gokul Lata,1975-09-22,49,Female,A+,26.9,"161, Chaudhuri Marg",570009,Healthy,122,79
3104,3105,P3105-8201-1,Samaira Saran,1982-01-04,43,Male,O+,27.9,"734, Ramaswamy Street",560019,Depression,132,19
3105,3106,P3106-6606-2,Dishani Chakraborty,1966-06-30,59,Female,O+,24.6,"37/537
Gill Path",561010,Osteoporosis,99,60
3106,3107,P3107-5503-2,Aarna Baral,1955-03-30,70,Female,B+,26.2,"13
Loyal Marg",571001,Dementia,115,81
3107,3108,P3108-8401-2,Urvi Solanki,1984-01-06,41,Female,O+,24.3,"00/626, Kakar Circle",562007,Osteoporosis,96,67
3108,3109,P3109-7511-1,Alisha Raman,1975-11-04,49,Male,A-,25.2,"38/27
Gade",560017,Sleep Apnea,105,17
3109,3110,P3110-6206-1,Rati Vora,1962-06-14,63,Male,B+,22.4,"249
Sibal Zila",560013,Depression,77,13
3110,3111,P3111-4508-1,Zeeshan Chahal,1945-08-28,79,Male,A+,26.9,"826
Varty Road",560024,Hypertension,122,24
3111,3112,P3112-5102-2,Jivika Dhaliwal,1951-02-28,74,Female,B+,24.8,"90/755, Srinivas Chowk",560109,Diabetes,101,40
3112,3113,P3113-8208-1,Tejas Chahal,1982-08-16,42,Male,B+,26.5,"H.No. 843
Varma Circle",562002,Asthma,118,62
3113,3114,P3114-7706-1,Ahana  Sinha,1977-06-28,48,Male,A+,26.1,"H.No. 36, Taneja",570004,Heart Disease,114,74
3114,3115,P3115-9609-1,Anika Dutt,1996-09-05,28,Male,A+,25.1,"18/009, Tank Nagar",560019,Dementia,104,19
3115,3116,P3116-9501-2,Advik Chaudry,1995-01-15,30,Female,O+,21.0,"H.No. 90, Rajagopalan Street",571007,Diabetes,63,87
3116,3117,P3117-9608-1,Mahika Uppal,1996-08-07,28,Male,O+,26.0,"H.No. 563, Krishna",560022,Diabetes,113,22
3117,3118,P3118-7702-1,Kashvi Ravel,1977-02-13,48,Male,A+,20.2,"48/27
Bora Street",561003,Asthma,55,53
3118,3119,P3119-8104-2,Alia Gade,1981-04-29,44,Female,O+,21.5,"075
Vohra Ganj",570006,Dementia,68,76
3119,3120,P3120-9603-2,Dhruv Kashyap,1996-03-20,29,Female,O+,25.9,"H.No. 348, Sur Road",560021,Heart Disease,112,21
3120,3121,P3121-0103-2,Shaan Banik,2001-03-12,24,Female,O+,27.5,"52
Rattan",560209,Hypertension,128,50
3121,3122,P3122-7702-2,Aayush Batra,1977-02-07,48,Female,O+,25.4,"00/758, Mangal Marg",560024,Hypertension,107,24
3122,3123,P3123-5305-2,Nitara Cherian,1953-05-14,72,Female,O+,27.3,"H.No. 31, Mander",560005,Depression,126,5
3123,3124,P3124-8611-1,Sara Saxena,1986-11-09,38,Male,A+,27.9,"53/574
Dhillon Zila",560001,Diabetes,132,1
3124,3125,P3125-7903-1,Charvi Wason,1979-03-06,46,Male,A+,22.7,"H.No. 679, Sethi Nagar",560019,Depression,80,19
3125,3126,P3126-8012-2,Mamooty Choudhary,1980-12-25,44,Female,AB+,25.5,"925, Kaul Marg",562002,Depression,108,62
3126,3127,P3127-5503-1,Chirag Bains,1955-03-07,70,Male,A+,20.6,"34/151, Sathe",561006,Healthy,59,56
3127,3128,P3128-7804-1,Kismat Krishnamurthy,1978-04-30,47,Male,O+,25.6,"81/670
Kapadia Zila",572008,Epilepsy,109,98
3128,3129,P3129-9809-2,Aradhya Subramaniam,1998-09-05,26,Female,A+,28.8,"H.No. 68
Kakar Nagar",562005,Heart Disease,141,65
3129,3130,P3130-6611-1,Farhan Wali,1966-11-25,58,Male,A+,25.5,"02/20
Raj Zila",570004,Depression,108,74
3130,3131,P3131-7002-1,Amira Ghosh,1970-02-06,55,Male,AB+,22.8,"36/80
Lalla Circle",570005,Sleep Apnea,81,75
3131,3132,P3132-7605-2,Nakul Goyal,1976-05-30,49,Female,AB-,23.0,"58
Sarna Nagar",561008,Healthy,83,58
3132,3133,P3133-5303-1,Hunar Bhatt,1953-03-04,72,Male,O+,22.7,"47, Bumb Path",571010,Osteoporosis,80,90
3133,3134,P3134-6107-2,Urvi Hayer,1961-07-03,64,Female,O+,24.4,"74/38, Hora Path",572003,Heart Disease,97,93
3134,3135,P3135-6306-2,Diya Ahuja,1963-06-01,62,Female,O+,26.9,"445
Tandon Road",570004,Epilepsy,122,74
3135,3136,P3136-5606-1,Rasha Mann,1956-06-17,69,Male,B+,27.3,"77
Wali Chowk",560017,Gout,126,17
3136,3137,P3137-8611-1,Jayant Garg,1986-11-19,38,Male,O+,23.4,"H.No. 291
Ravi",560209,Heart Disease,87,50
3137,3138,P3138-5111-2,Nirvi Acharya,1951-11-26,73,Female,AB+,25.2,"H.No. 48
Vala",560002,Heart Disease,105,2
3138,3139,P3139-9207-2,Ishaan Chand,1992-07-10,32,Female,O+,24.4,"08/23
Sur",560009,Asthma,97,9
3139,3140,P3140-0211-1,Kismat Mall,2002-11-20,22,Male,B-,24.3,"927, Tripathi Path",560109,Sleep Apnea,96,40
3140,3141,P3141-5706-2,Elakshi Chakraborty,1957-06-17,68,Female,B+,22.8,"26, Bhardwaj Zila",560103,Osteoporosis,81,34
3141,3142,P3142-8802-2,Pihu Mani,1988-02-16,37,Female,A+,23.8,"H.No. 24
Upadhyay Marg",561008,Heart Disease,91,58
3142,3143,P3143-9011-2,Romil Bajaj,1990-11-05,34,Female,A-,23.5,"48
Vig Road",572009,Hypertension,88,99
3143,3144,P3144-7904-2,Neelofar Shenoy,1979-04-29,46,Female,A-,26.5,"H.No. 733, Solanki Chowk",560020,Gout,118,20
3144,3145,P3145-4009-1,Krish Karan,1940-09-06,84,Male,B+,22.8,"26/54
Dhaliwal",560019,Depression,81,19
3145,3146,P3146-8304-2,Zaina Mannan,1983-04-16,42,Female,O+,25.3,"09/254, Sarin Road",560008,Depression,106,8
3146,3147,P3147-8806-2,Amani Garg,1988-06-29,37,Female,O+,22.9,"H.No. 58, Ganesh Street",560013,Epilepsy,82,13
3147,3148,P3148-0504-1,Taimur Borah,2005-04-30,20,Male,O+,24.4,"99/04, Sangha Marg",560028,Asthma,97,28
3148,3149,P3149-0212-1,Shray Bala,2002-12-30,22,Male,B+,26.4,"83/216, Devan Chowk",560203,Sleep Apnea,117,44
3149,3150,P3150-6302-2,Jayant Mand,1963-02-10,62,Female,O-,25.4,"H.No. 497, Mann",571005,Sleep Apnea,107,85
3150,3151,P3151-4910-1,Hunar Goel,1949-10-27,75,Male,B-,25.5,"274
Barad Nagar",560107,Diabetes,108,38
3151,3152,P3152-5712-2,Pranay Barman,1957-12-02,67,Female,B-,26.4,"H.No. 873
Chauhan Street",560002,Gout,117,2
3152,3153,P3153-8405-1,Reyansh Sarin,1984-05-30,41,Male,B+,24.1,"60/02
Yogi Marg",560013,Osteoporosis,94,13
3153,3154,P3154-7507-2,Amira Sekhon,1975-07-08,50,Female,O+,27.1,"H.No. 96, Chauhan Chowk",561010,Healthy,124,60
3154,3155,P3155-6703-1,Mishti Lall,1967-03-02,58,Male,A-,21.5,"H.No. 15
Shetty",562007,Asthma,68,67
3155,3156,P3156-0007-2,Jivin Sama,2000-07-27,24,Female,O+,25.4,"11, Karnik Circle",560016,Sleep Apnea,107,16
3156,3157,P3157-5510-2,Sara Dube,1955-10-27,69,Female,O+,24.6,"341, Kakar Nagar",560010,Asthma,99,10
3157,3158,P3158-5909-2,Amira Trivedi,1959-09-09,65,Female,O+,21.2,"952, Seshadri Chowk",562009,Sleep Apnea,65,69
3158,3159,P3159-4407-1,Nakul Sama,1944-07-07,81,Male,O+,25.1,"H.No. 99, Wali Zila",560104,Healthy,104,35
3159,3160,P3160-6607-1,Lakshit Sood,1966-07-04,59,Male,A+,24.8,"H.No. 794, Brahmbhatt Zila",560107,Asthma,101,38
3160,3161,P3161-7110-1,Saanvi Goda,1971-10-30,53,Male,B+,24.3,"17/781, Sekhon Zila",562008,Epilepsy,96,68
3161,3162,P3162-7211-2,Zaina Chandran,1972-11-30,52,Female,A+,27.2,"87/19, Jayaraman Ganj",570009,Asthma,125,79
3162,3163,P3163-6807-1,Amani Kuruvilla,1968-07-31,56,Male,A+,21.4,"897, Vig Road",560103,Sleep Apnea,67,34
3163,3164,P3164-0011-1,Hazel Tank,2000-11-29,24,Male,A+,24.6,"918, Sunder Street",570003,Depression,99,73
3164,3165,P3165-7601-2,Reyansh Bath,1976-01-09,49,Female,AB+,27.4,"179
Lala Road",560012,Epilepsy,127,12
3165,3166,P3166-4111-2,Diya Rajan,1941-11-05,83,Female,O+,27.3,"27/82
Manne Zila",560105,Diabetes,126,36
3166,3167,P3167-0205-2,Nirvi Khare,2002-05-28,23,Female,B+,25.3,"55, Magar",560023,Epilepsy,106,23
3167,3168,P3168-6611-1,Kiaan Chander,1966-11-12,58,Male,A+,23.6,"10/875
Grewal Chowk",571002,Gout,89,82
3168,3169,P3169-6409-2,Akarsh Walla,1964-09-18,60,Female,AB+,23.6,"H.No. 569, Dora",561009,Asthma,89,59
3169,3170,P3170-8608-2,Chirag Agrawal,1986-08-29,38,Female,O+,21.3,"H.No. 93
Banik Chowk",571004,Healthy,66,84
3170,3171,P3171-8206-1,Indranil Tata,1982-06-23,43,Male,A+,21.9,"92
Kakar Chowk",560026,Asthma,72,26
3171,3172,P3172-4603-2,Darshit Hayre,1946-03-19,79,Female,AB+,22.6,"00/38, Kata Circle",570005,Heart Disease,79,75
3172,3173,P3173-5204-1,Kimaya Kata,1952-04-03,73,Male,AB+,24.2,"95, Srinivas Zila",572001,Diabetes,95,91
3173,3174,P3174-0103-2,Ryan Kala,2001-03-26,24,Female,O+,24.7,"36/237, Sehgal Street",562003,Gout,100,63
3174,3175,P3175-8012-1,Saksham Lanka,1980-12-27,44,Male,A+,23.9,"88
Srinivasan Road",560018,Dementia,92,18
3175,3176,P3176-7304-1,Amira Vyas,1973-04-22,52,Male,O+,22.7,"H.No. 615
Arora Street",560207,Epilepsy,80,48
3176,3177,P3177-5410-1,Vedika Kara,1954-10-01,70,Male,A+,25.3,"H.No. 28, Zacharia Circle",560206,Osteoporosis,106,47
3177,3178,P3178-7211-2,Azad Balan,1972-11-09,52,Female,A+,25.3,"765, Bajwa Road",560028,Diabetes,106,28
3178,3179,P3179-5108-1,Ishaan Sen,1951-08-09,73,Male,B+,23.0,"346, Majumdar Street",571007,Osteoporosis,83,87
3179,3180,P3180-4207-2,Alisha Bedi,1942-07-17,83,Female,B+,27.1,"24/39
Savant Ganj",560014,Depression,124,14
3180,3181,P3181-6006-1,Misha Doctor,1960-06-15,65,Male,O+,24.9,"97/428, Kota Nagar",560204,Heart Disease,102,45
3181,3182,P3182-9110-1,Drishya Baria,1991-10-03,33,Male,A+,25.1,"79/923, Barad Circle",560021,Epilepsy,104,21
3182,3183,P3183-5308-2,Vardaniya Chopra,1953-08-07,71,Female,B+,19.9,"02, Chaudhari Road",571004,Hypertension,52,84
3183,3184,P3184-5810-1,Kartik Devi,1958-10-14,66,Male,A-,21.2,"H.No. 68
Ranganathan Street",570009,Hypertension,65,79
3184,3185,P3185-4303-2,Ela Sani,1943-03-31,82,Female,AB+,22.4,"34, Datta",560007,Diabetes,77,7
3185,3186,P3186-7307-2,Nitara Halder,1973-07-26,51,Female,B+,24.1,"886, Subramaniam Zila",560201,Depression,94,42
3186,3187,P3187-9810-1,Pari Chandra,1998-10-20,26,Male,A+,23.5,"43
Barad Chowk",560015,Heart Disease,88,15
3187,3188,P3188-6702-2,Dhanush Garde,1967-02-06,58,Female,B+,25.1,"H.No. 991, Shan Nagar",571005,Osteoporosis,104,85
3188,3189,P3189-8504-1,Shray Lal,1985-04-13,40,Male,O+,24.7,"H.No. 70
Gandhi Road",562006,Hypertension,100,66
3189,3190,P3190-4902-2,Rati Dewan,1949-02-08,76,Female,A-,20.4,"318, Cherian Street",560006,Sleep Apnea,57,6
3190,3191,P3191-6905-2,Diya Samra,1969-05-20,56,Female,A+,21.7,"H.No. 333, Goswami Marg",561005,Asthma,70,55
3191,3192,P3192-0312-2,Zoya Sankar,2003-12-11,21,Female,AB-,28.0,"H.No. 879
Shankar",560102,Dementia,133,33
3192,3193,P3193-9712-1,Taimur Halder,1997-12-19,27,Male,A+,22.9,"33
Dewan Circle",570008,Gout,82,78
3193,3194,P3194-6210-2,Manjari Subramaniam,1962-10-28,62,Female,B+,21.6,"H.No. 11, Butala Zila",561007,Osteoporosis,69,57
3194,3195,P3195-4112-1,Raunak Sarma,1941-12-20,83,Male,O+,24.3,"H.No. 54
Sethi Chowk",560202,Asthma,96,43
3195,3196,P3196-4505-1,Lakshay Sarraf,1945-05-16,80,Male,A+,20.9,"318
Keer Marg",570002,Asthma,62,72
3196,3197,P3197-4912-1,Manjari Devan,1949-12-10,75,Male,O-,26.0,"52/687, Aggarwal Path",571009,Healthy,113,89
3197,3198,P3198-6002-2,Anahi Maharaj,1960-02-21,65,Female,O+,21.6,"90, Gandhi Street",560003,Diabetes,69,3
3198,3199,P3199-9306-2,Tarini Bala,1993-06-21,32,Female,A+,27.8,"52/83
Soman Zila",560002,Gout,131,2
3199,3200,P3200-5208-2,Kimaya Golla,1952-08-05,72,Female,B+,23.1,"20
Kashyap Marg",560001,Sleep Apnea,84,1
3200,3201,P3201-9804-2,Kanav Thakkar,1998-04-12,27,Female,O+,23.7,"83/035, Ben",560023,Gout,90,23
3201,3202,P3202-9804-2,Hansh Manne,1998-04-12,27,Female,A+,24.4,"799
Dyal Road",560018,Epilepsy,97,18
3202,3203,P3203-4607-1,Shlok Halder,1946-07-31,78,Male,O+,23.4,"01, Dubey Zila",560005,Diabetes,87,5
3203,3204,P3204-4410-1,Diya Ray,1944-10-14,80,Male,B+,22.3,"07/156, Bhandari Zila",560028,Diabetes,76,28
3204,3205,P3205-6203-1,Armaan Shere,1962-03-15,63,Male,O+,18.9,"96/533
Khanna Marg",561005,Asthma,42,55
3205,3206,P3206-4510-2,Pranay Khalsa,1945-10-07,79,Female,A-,19.3,"306
Dar Ganj",560007,Epilepsy,46,7
3206,3207,P3207-5403-2,Manikya Deol,1954-03-09,71,Female,B+,21.5,"47, Krishnamurthy Ganj",561002,Hypertension,68,52
3207,3208,P3208-0507-2,Saksham Mahajan,2005-07-14,19,Female,A+,21.7,"033, Tiwari Chowk",560208,Heart Disease,70,49
3208,3209,P3209-6810-2,Nitya Badami,1968-10-06,56,Female,B+,22.5,"35/28
Krishna Nagar",572002,Hypertension,78,92
3209,3210,P3210-7908-2,Trisha Wali,1979-08-01,45,Female,AB+,24.5,"67
Wason Road",560106,Asthma,98,37
3210,3211,P3211-7505-1,Kaira Majumdar,1975-05-06,50,Male,A+,22.5,"H.No. 41
Ram Zila",560109,Hypertension,78,40
3211,3212,P3212-6908-1,Pari Dara,1969-08-31,55,Male,O+,26.8,"74/387
Maharaj Nagar",560012,Heart Disease,121,12
3212,3213,P3213-9511-2,Khushi Shere,1995-11-09,29,Female,O+,25.6,"02/600, Sur Nagar",562001,Sleep Apnea,109,61
3213,3214,P3214-6107-1,Nakul Handa,1961-07-06,64,Male,AB-,24.2,"31/159, Rau Nagar",562008,Healthy,95,68
3214,3215,P3215-9605-1,Gatik Loyal,1996-05-22,29,Male,O+,20.1,"33, Vig Ganj",560201,Gout,54,42
3215,3216,P3216-0210-2,Indrajit Dewan,2002-10-05,22,Female,A-,23.6,"39/349, Mani Street",560018,Healthy,89,18
3216,3217,P3217-8006-1,Drishya Banerjee,1980-06-20,45,Male,A-,22.7,"32/28
Wable Zila",570009,Diabetes,80,79
3217,3218,P3218-5811-2,Advika Agrawal,1958-11-24,66,Female,A+,25.4,"60
Halder Ganj",560209,Sleep Apnea,107,50
3218,3219,P3219-8811-1,Rati Bhakta,1988-11-04,36,Male,B+,27.2,"01, Choudhry Street",560019,Diabetes,125,19
3219,3220,P3220-5105-2,Sahil Mahal,1951-05-13,74,Female,A-,26.0,"H.No. 78
Varughese Street",571006,Depression,113,86
3220,3221,P3221-0305-1,Lakshit Raj,2003-05-15,22,Male,O+,23.4,"13/291, Saxena Path",572009,Dementia,87,99
3221,3222,P3222-6107-2,Yashvi Kade,1961-07-07,64,Female,AB+,25.5,"62/421, Chaudry Zila",562005,Epilepsy,108,65
3222,3223,P3223-6305-1,Yashvi Lal,1963-05-25,62,Male,B-,25.6,"94/74, Kapur Zila",560001,Asthma,109,1
3223,3224,P3224-8501-2,Amira Agarwal,1985-01-04,40,Female,O+,19.5,"14/224
Kibe Path",561005,Sleep Apnea,48,55
3224,3225,P3225-6603-1,Dhanuk Rajagopalan,1966-03-28,59,Male,O+,23.4,"H.No. 043
Wason Path",560020,Heart Disease,87,20
3225,3226,P3226-0403-1,Mannat Krishnamurthy,2004-03-29,21,Male,O+,21.6,"H.No. 120
Talwar Road",561005,Asthma,69,55
3226,3227,P3227-6312-2,Ryan Bali,1963-12-04,61,Female,O+,22.5,"82/25
Sodhi Marg",572004,Diabetes,78,94
3227,3228,P3228-6205-1,Azad Bal,1962-05-24,63,Male,O+,26.1,"904, Dugal Nagar",571009,Depression,114,89
3228,3229,P3229-8304-1,Zara Mahajan,1983-04-13,42,Male,O-,23.0,"19, Bajaj Path",572005,Gout,83,95
3229,3230,P3230-9603-2,Ira Bains,1996-03-27,29,Female,O+,24.8,"H.No. 09, Karan Ganj",560001,Osteoporosis,101,1
3230,3231,P3231-7805-2,Shray Dar,1978-05-17,47,Female,O+,23.2,"05
Sawhney Road",570004,Dementia,85,74
3231,3232,P3232-7302-1,Arnav Cheema,1973-02-13,52,Male,B-,23.0,"H.No. 70, Kadakia Circle",560030,Asthma,83,30
3232,3233,P3233-8307-1,Madhup Zacharia,1983-07-28,41,Male,O+,25.8,"35/058, Toor Path",561010,Osteoporosis,111,60
3233,3234,P3234-6508-1,Dhanush Kaur,1965-08-22,59,Male,O+,25.0,"16
Andra Nagar",560005,Dementia,103,5
3234,3235,P3235-0410-1,Hridaan Dhar,2004-10-21,20,Male,O+,24.0,"H.No. 65
Bala Circle",571006,Gout,93,86
3235,3236,P3236-7710-2,Baiju Choudhary,1977-10-12,47,Female,A+,25.4,"H.No. 514, Sathe Circle",560101,Sleep Apnea,107,32
3236,3237,P3237-5606-1,Krish Sathe,1956-06-22,69,Male,A-,26.9,"H.No. 979
Dani Ganj",571008,Dementia,122,88
3237,3238,P3238-4405-2,Prerak Kala,1944-05-16,81,Female,O+,19.2,"H.No. 91, Bora Chowk",560200,Diabetes,45,41
3238,3239,P3239-6104-1,Madhup Rastogi,1961-04-04,64,Male,O+,25.6,"67, Borah",561008,Heart Disease,109,58
3239,3240,P3240-5106-2,Raunak Date,1951-06-30,74,Female,B+,23.2,"26, Kade Nagar",560012,Gout,85,12
3240,3241,P3241-5702-2,Tiya Jain,1957-02-18,68,Female,B+,23.2,"331
Kaul Circle",571001,Epilepsy,85,81
3241,3242,P3242-6004-2,Shaan Keer,1960-04-19,65,Female,O+,25.8,"H.No. 725, Bhagat Path",570005,Heart Disease,111,75
3242,3243,P3243-5402-2,Adah Kale,1954-02-03,71,Female,AB+,25.1,"20/482, Hora",572010,Healthy,104,100
3243,3244,P3244-9108-2,Ehsaan Subramaniam,1991-08-29,33,Female,AB+,23.6,"21/288, Acharya Path",560025,Depression,89,25
3244,3245,P3245-9312-1,Ritvik Bansal,1993-12-26,31,Male,O+,25.5,"782
Kanda",560011,Osteoporosis,108,11
3245,3246,P3246-8109-2,Suhana Dewan,1981-09-16,43,Female,B-,26.1,"23/292
Bhalla",561003,Dementia,114,53
3246,3247,P3247-6406-2,Nirvi Choudhury,1964-06-14,61,Female,O+,27.0,"91/233
Khatri Marg",572001,Healthy,123,91
3247,3248,P3248-9510-2,Drishya Bumb,1995-10-11,29,Female,O+,24.6,"30/689, Kant",560002,Hypertension,99,2
3248,3249,P3249-7604-2,Diya Bandi,1976-04-10,49,Female,O-,23.8,"79/121
Ramesh",560006,Depression,91,6
3249,3250,P3250-5309-2,Kismat Ray,1953-09-02,71,Female,A+,22.6,"22
Johal",561008,Gout,79,58
3250,3251,P3251-4604-1,Aarna Bahri,1946-04-19,79,Male,AB+,27.7,"40/96
Dayal Marg",560021,Diabetes,130,21
3251,3252,P3252-0111-2,Ayesha Sengupta,2001-11-22,23,Female,A-,22.5,"H.No. 091, Setty Circle",561005,Diabetes,78,55
3252,3253,P3253-7701-1,Mahika Lala,1977-01-23,48,Male,AB+,23.8,"405, Banerjee Chowk",560207,Heart Disease,91,48
3253,3254,P3254-8906-2,Hrishita Guha,1989-06-16,36,Female,A+,22.4,"94/01, Vohra",560208,Dementia,77,49
3254,3255,P3255-6601-2,Manikya Sachdeva,1966-01-02,59,Female,B+,25.8,"228, Verma Road",560208,Sleep Apnea,111,49
3255,3256,P3256-5111-2,Dhanuk Bobal,1951-11-02,73,Female,AB+,24.6,"H.No. 72
Dugal Path",560025,Osteoporosis,99,25
3256,3257,P3257-4301-1,Nirvi Shan,1943-01-18,82,Male,A+,25.7,"58/052
Chaudry",572002,Hypertension,110,92
3257,3258,P3258-5510-2,Lavanya Kale,1955-10-24,69,Female,O+,21.3,"33/066
Sanghvi Marg",571004,Healthy,66,84
3258,3259,P3259-9502-2,Sumer Bath,1995-02-12,30,Female,A+,23.2,"22/43, Zachariah Circle",560109,Diabetes,85,40
3259,3260,P3260-4307-1,Nirvaan Sinha,1943-07-14,82,Male,B-,26.0,"H.No. 55
Sachdeva Nagar",570008,Healthy,113,78
3260,3261,P3261-8009-1,Ojas Subramanian,1980-09-12,44,Male,B-,22.3,"60, Vig",560026,Hypertension,76,26
3261,3262,P3262-6208-1,Advik Vig,1962-08-06,62,Male,B+,21.3,"65/37
Kulkarni",572009,Sleep Apnea,66,99
3262,3263,P3263-6911-2,Ranbir Warrior,1969-11-29,55,Female,O-,24.4,"H.No. 50
Cheema",571002,Dementia,97,82
3263,3264,P3264-8207-1,Azad Bath,1982-07-08,43,Male,A+,24.4,"513
Jani Zila",572001,Heart Disease,97,91
3264,3265,P3265-7907-2,Zoya Dhingra,1979-07-24,45,Female,O+,23.3,"07, Chandra Circle",571006,Depression,86,86
3265,3266,P3266-6905-2,Mishti Choudhary,1969-05-24,56,Female,O+,25.2,"17/78, Basu Nagar",560011,Depression,105,11
3266,3267,P3267-8702-1,Aarush Barad,1987-02-12,38,Male,A+,25.1,"05/55, Anand Ganj",560104,Heart Disease,104,35
3267,3268,P3268-9901-1,Vanya Kumer,1999-01-14,26,Male,O+,22.7,"125, Ganesh Circle",571010,Diabetes,80,90
3268,3269,P3269-8512-2,Lagan Banerjee,1985-12-25,39,Female,B+,23.5,"H.No. 352, Kaul Path",561001,Gout,88,51
3269,3270,P3270-7906-1,Vihaan Bhatt,1979-06-02,46,Male,O-,22.4,"H.No. 209, Dubey Street",560104,Diabetes,77,35
3270,3271,P3271-4805-2,Gatik Sachdeva,1948-05-02,77,Female,B-,22.5,"277
Devi",560021,Sleep Apnea,78,21
3271,3272,P3272-5805-2,Yuvaan Kunda,1958-05-15,67,Female,O+,22.3,"796, Sem Nagar",560104,Epilepsy,76,35
3272,3273,P3273-8502-1,Akarsh Bakshi,1985-02-28,40,Male,B+,24.5,"74/875
Venkataraman",560027,Epilepsy,98,27
3273,3274,P3274-9410-2,Yuvraj  Dube,1994-10-07,30,Female,O+,28.8,"09, Kade",560104,Dementia,141,35
3274,3275,P3275-6504-1,Gatik Dutta,1965-04-27,60,Male,B+,24.6,"H.No. 04
Vala Chowk",560022,Dementia,99,22
3275,3276,P3276-7105-2,Urvi Dash,1971-05-22,54,Female,A+,26.0,"46/67
Deep Road",560208,Gout,113,49
3276,3277,P3277-7611-1,Manikya Vala,1976-11-27,48,Male,O+,27.3,"578
Toor Marg",560103,Gout,126,34
3277,3278,P3278-7709-2,Zain Apte,1977-09-23,47,Female,A+,29.0,"H.No. 65, Agrawal Ganj",562009,Gout,143,69
3278,3279,P3279-7707-1,Devansh Ram,1977-07-20,47,Male,O+,23.5,"96/21
Loke Zila",571006,Depression,88,86
3279,3280,P3280-6304-1,Kaira Halder,1963-04-28,62,Male,O+,18.9,"54
Mander Street",560029,Diabetes,42,29
3280,3281,P3281-5110-2,Riaan Reddy,1951-10-03,73,Female,O+,24.0,"H.No. 67
Dugal Marg",560001,Asthma,93,1
3281,3282,P3282-5005-2,Bhamini Soman,1950-05-24,75,Female,A+,23.9,"04/26, Sangha Ganj",561006,Asthma,92,56
3282,3283,P3283-8805-2,Baiju Kothari,1988-05-10,37,Female,O+,25.7,"H.No. 106
Agarwal Zila",562007,Gout,110,67
3283,3284,P3284-5606-1,Zaina Ratta,1956-06-10,69,Male,O+,27.2,"755, Sibal Ganj",560208,Dementia,125,49
3284,3285,P3285-5511-1,Yakshit Sachdeva,1955-11-07,69,Male,B-,24.9,"H.No. 122
Baria Path",560016,Dementia,102,16
3285,3286,P3286-5201-1,Kabir Dey,1952-01-05,73,Male,O-,20.0,"56
Bakshi Nagar",572002,Hypertension,53,92
3286,3287,P3287-5411-1,Advika Ramesh,1954-11-05,70,Male,A+,22.6,"H.No. 95
Grover Nagar",561007,Depression,79,57
3287,3288,P3288-5606-2,Yakshit Borah,1956-06-29,69,Female,A+,24.7,"H.No. 817
Gera Street",561005,Hypertension,100,55
3288,3289,P3289-9207-1,Kismat Bera,1992-07-24,32,Male,A+,23.7,"H.No. 54, Babu Circle",572005,Healthy,90,95
3289,3290,P3290-0203-2,Kiaan Thakkar,2002-03-05,23,Female,A+,22.2,"48
Sethi Nagar",572010,Depression,75,100
3290,3291,P3291-4209-1,Taimur Kalita,1942-09-11,82,Male,O+,23.7,"74
Barad Chowk",560104,Heart Disease,90,35
3291,3292,P3292-9303-1,Onkar Dayal,1993-03-18,32,Male,B+,25.3,"H.No. 633, Tandon Ganj",571010,Diabetes,106,90
3292,3293,P3293-7511-1,Kismat Rama,1975-11-21,49,Male,B+,22.2,"H.No. 872
Upadhyay Circle",561006,Dementia,75,56
3293,3294,P3294-5405-1,Badal Som,1954-05-19,71,Male,O+,24.5,"371, Manne Marg",560001,Healthy,98,1
3294,3295,P3295-9909-1,Nitya Krish,1999-09-10,25,Male,O+,25.5,"17/35
Raval Marg",562005,Dementia,108,65
3295,3296,P3296-8408-2,Dhanuk Kade,1984-08-27,40,Female,B+,26.2,"08/011, Tank Ganj",560209,Sleep Apnea,115,50
3296,3297,P3297-4402-2,Tarini Sampath,1944-02-11,81,Female,O+,23.6,"H.No. 56
Baral Street",562001,Epilepsy,89,61
3297,3298,P3298-4908-1,Darshit Kapur,1949-08-03,75,Male,B-,20.1,"90/714, Vig Ganj",572001,Asthma,54,91
3298,3299,P3299-0401-2,Myra Dyal,2004-01-13,21,Female,A+,23.7,"H.No. 506, Doshi Path",571010,Gout,90,90
3299,3300,P3300-0305-1,Lavanya Bir,2003-05-11,22,Male,A+,26.7,"H.No. 59, Savant Nagar",560204,Sleep Apnea,120,45
3300,3301,P3301-0112-1,Urvi Khare,2001-12-09,23,Male,O+,22.1,"H.No. 946
Borah Path",571001,Epilepsy,74,81
3301,3302,P3302-7704-1,Kartik Konda,1977-04-29,48,Male,O+,22.1,"03/503, Sachar Circle",561001,Hypertension,74,51
3302,3303,P3303-7608-2,Armaan Bose,1976-08-12,48,Female,O+,20.7,"966, Dugal Path",561005,Dementia,60,55
3303,3304,P3304-7007-1,Chirag Sahota,1970-07-18,54,Male,O+,26.0,"229
Dalal Path",560204,Healthy,113,45
3304,3305,P3305-5502-1,Tarini Saraf,1955-02-17,70,Male,O+,23.6,"56/08
Magar Street",561007,Gout,89,57
3305,3306,P3306-9401-2,Baiju Mahajan,1994-01-26,31,Female,O+,25.4,"H.No. 571, Kakar Street",572004,Epilepsy,107,94
3306,3307,P3307-4303-1,Samar Boase,1943-03-05,82,Male,O+,21.6,"H.No. 21
Seshadri Road",560206,Heart Disease,69,47
3307,3308,P3308-6912-1,Ira Kohli,1969-12-02,55,Male,A+,24.2,"19/775
Bhatt Nagar",560208,Depression,95,49
3308,3309,P3309-4706-2,Krish Wali,1947-06-12,78,Female,O-,21.2,"H.No. 304
Sandhu Path",560004,Gout,65,4
3309,3310,P3310-8610-1,Hansh Sandhu,1986-10-09,38,Male,B+,21.8,"15
Goyal Nagar",560202,Healthy,71,43
3310,3311,P3311-8711-1,Manjari Goel,1987-11-10,37,Male,O-,26.2,"10/55
Bhargava Street",560205,Sleep Apnea,115,46
3311,3312,P3312-4706-2,Keya Rajagopal,1947-06-24,78,Female,B-,24.4,"98, Singhal Zila",560108,Sleep Apnea,97,39
3312,3313,P3313-9108-2,Veer Rajan,1991-08-09,33,Female,AB+,28.5,"34/60
Apte Road",560100,Healthy,138,31
3313,3314,P3314-5204-2,Bhamini Lala,1952-04-02,73,Female,O+,22.9,"611, Chaudhari Marg",560014,Heart Disease,82,14
3314,3315,P3315-8405-2,Raunak Tella,1984-05-21,41,Female,A-,21.5,"09/28
Rajagopalan Chowk",570009,Asthma,68,79
3315,3316,P3316-8808-1,Aarush Srinivasan,1988-08-02,36,Male,O+,25.7,"63/430, Khurana Nagar",560007,Heart Disease,110,7
3316,3317,P3317-7402-2,Renee Apte,1974-02-11,51,Female,O-,24.2,"952
Seth Circle",560207,Epilepsy,95,48
3317,3318,P3318-9808-1,Parinaaz Yogi,1998-08-26,26,Male,A+,24.9,"170
Guha Circle",560008,Dementia,102,8
3318,3319,P3319-0411-2,Ranbir Yadav,2004-11-07,20,Female,B+,21.0,"33/192, Iyer Chowk",560019,Epilepsy,63,19
3319,3320,P3320-5008-1,Vaibhav Devan,1950-08-23,74,Male,B+,28.0,"54/603, Sem Road",571008,Healthy,133,88
3320,3321,P3321-5209-1,Aniruddh Chaudhuri,1952-09-07,72,Male,O-,21.7,"97/22
Dhar Path",560003,Sleep Apnea,70,3
3321,3322,P3322-7603-2,Elakshi Tata,1976-03-17,49,Female,B+,22.7,"443
Kumar Street",560103,Heart Disease,80,34
3322,3323,P3323-5107-2,Prisha Mangal,1951-07-04,74,Female,O+,23.7,"62
Golla Chowk",562009,Asthma,90,69
3323,3324,P3324-5306-2,Piya Warrior,1953-06-16,72,Female,A+,24.3,"03/429, Chandran Path",560206,Gout,96,47
3324,3325,P3325-4512-1,Emir Krishnamurthy,1945-12-02,79,Male,A+,24.5,"540, Yogi Zila",560005,Asthma,98,5
3325,3326,P3326-0009-1,Ishita Baria,2000-09-20,24,Male,O+,23.2,"94/50, Kamdar Marg",571008,Sleep Apnea,85,88
3326,3327,P3327-8103-2,Anika Arya,1981-03-10,44,Female,B+,22.9,"09/90
Sankaran Nagar",560003,Epilepsy,82,3
3327,3328,P3328-4904-2,Eshani Chaudhari,1949-04-22,76,Female,O+,24.5,"H.No. 139
Shukla",560104,Asthma,98,35
3328,3329,P3329-6808-1,Amani Aggarwal,1968-08-03,56,Male,A-,24.4,"H.No. 82, Singhal Street",560023,Depression,97,23
3329,3330,P3330-0308-2,Aarush Dara,2003-08-20,21,Female,B+,22.2,"H.No. 50
Doctor Path",560009,Healthy,75,9
3330,3331,P3331-0012-1,Aarna Swamy,2000-12-11,24,Male,A+,25.3,"60/86, Gade Street",571003,Gout,106,83
3331,3332,P3332-9705-2,Manjari Ghosh,1997-05-13,28,Female,B+,24.7,"H.No. 30, Khosla Marg",562008,Gout,100,68
3332,3333,P3333-7912-1,Shaan Kale,1979-12-04,45,Male,O-,24.7,"H.No. 935, Sem Marg",560102,Dementia,100,33
3333,3334,P3334-5211-2,Aarav Gole,1952-11-15,72,Female,B+,25.3,"08, Goswami",560200,Dementia,106,41
3334,3335,P3335-9512-2,Umang Kalita,1995-12-24,29,Female,A+,25.1,"28
Sarkar",560006,Dementia,104,6
3335,3336,P3336-0311-2,Lakshit Gade,2003-11-12,21,Female,O+,24.2,"544, Sha Nagar",571010,Gout,95,90
3336,3337,P3337-7308-2,Neelofar Baral,1973-08-17,51,Female,O+,23.2,"79, Vora Street",562002,Osteoporosis,85,62
3337,3338,P3338-8711-2,Rasha Ram,1987-11-18,37,Female,O+,23.6,"56/210, Bhat Zila",570004,Diabetes,89,74
3338,3339,P3339-9205-2,Shamik Chaudry,1992-05-22,33,Female,O-,23.5,"47/98, Kata Street",560209,Sleep Apnea,88,50
3339,3340,P3340-7508-2,Gatik Kapur,1975-08-09,49,Female,O+,23.3,"79/936
Krishnan Ganj",571002,Depression,86,82
3340,3341,P3341-8802-2,Rania Mangat,1988-02-02,37,Female,O-,26.4,"886
Madan Ganj",560013,Diabetes,117,13
3341,3342,P3342-8106-2,Madhup Bhalla,1981-06-06,44,Female,B+,22.0,"H.No. 971
Kunda Marg",560025,Osteoporosis,73,25
3342,3343,P3343-8012-2,Kabir Chadha,1980-12-30,44,Female,O+,24.9,"84/150
Maharaj Marg",560012,Sleep Apnea,102,12
3343,3344,P3344-8207-1,Yuvraj  Sodhi,1982-07-26,42,Male,O-,24.5,"H.No. 10, Ganesan Ganj",571006,Diabetes,98,86
3344,3345,P3345-6303-2,Veer Dalal,1963-03-22,62,Female,A-,22.6,"H.No. 43, Sant Marg",560028,Osteoporosis,79,28
3345,3346,P3346-0302-1,Shanaya Shah,2003-02-19,22,Male,A+,25.2,"H.No. 16, Goda Marg",560106,Osteoporosis,105,37
3346,3347,P3347-6002-1,Lakshay Sachdev,1960-02-18,65,Male,O+,21.8,"H.No. 263
Bedi Road",560006,Osteoporosis,71,6
3347,3348,P3348-4302-1,Shayak Chaudry,1943-02-05,82,Male,O-,25.4,"H.No. 43
Shah Nagar",560012,Diabetes,107,12
3348,3349,P3349-9801-1,Ivana Kapadia,1998-01-18,27,Male,A+,21.3,"63/805
Basu",560201,Hypertension,66,42
3349,3350,P3350-5608-2,Arhaan Dave,1956-08-06,68,Female,O+,27.8,"H.No. 65
Choudhary Path",560029,Osteoporosis,131,29
3350,3351,P3351-4904-2,Samar Mall,1949-04-06,76,Female,A+,22.2,"H.No. 492, Suresh Ganj",560105,Sleep Apnea,75,36
3351,3352,P3352-9411-2,Mamooty Sankaran,1994-11-02,30,Female,O+,24.4,"279, Sanghvi Path",560013,Depression,97,13
3352,3353,P3353-4705-2,Aarav Sood,1947-05-08,78,Female,O+,24.5,"H.No. 81, Bakshi Zila",570007,Heart Disease,98,77
3353,3354,P3354-7005-1,Navya Banerjee,1970-05-27,55,Male,AB+,23.4,"791, Sachar Path",572004,Dementia,87,94
3354,3355,P3355-7408-1,Neysa Dar,1974-08-27,50,Male,A+,25.6,"H.No. 093
Hegde Circle",570009,Osteoporosis,109,79
3355,3356,P3356-8704-1,Sahil Bansal,1987-04-18,38,Male,B+,27.5,"49/496, Bassi Road",560025,Depression,128,25
3356,3357,P3357-8508-2,Advik Rajan,1985-08-28,39,Female,A+,20.9,"41/48, Sastry",571005,Epilepsy,62,85
3357,3358,P3358-8406-1,Saira Anand,1984-06-20,41,Male,B+,23.2,"30/394, Kulkarni Street",561001,Diabetes,85,51
3358,3359,P3359-6203-1,Rasha Reddy,1962-03-25,63,Male,A+,20.6,"54/23, Goswami Street",560021,Gout,59,21
3359,3360,P3360-9704-1,Suhana Gulati,1997-04-06,28,Male,B+,21.9,"68/536, Bajaj Zila",560025,Epilepsy,72,25
3360,3361,P3361-6011-1,Tejas Khalsa,1960-11-09,64,Male,AB+,25.1,"63, Khanna Ganj",560005,Hypertension,104,5
3361,3362,P3362-4612-1,Farhan Bhagat,1946-12-16,78,Male,O-,25.7,"29, Wason Ganj",560019,Depression,110,19
3362,3363,P3363-7301-1,Biju Desai,1973-01-23,52,Male,AB+,22.2,"87/56, Jhaveri Chowk",560013,Epilepsy,75,13
3363,3364,P3364-5204-1,Rati Kohli,1952-04-11,73,Male,B-,23.1,"H.No. 317, Dave Zila",571009,Healthy,84,89
3364,3365,P3365-6602-1,Jayant Rama,1966-02-15,59,Male,O+,25.8,"813, Deep Marg",560011,Depression,111,11
3365,3366,P3366-9412-2,Keya Suresh,1994-12-06,30,Female,A+,21.8,"H.No. 957, Saraf Chowk",560019,Diabetes,71,19
3366,3367,P3367-0404-2,Riya Kar,2004-04-06,21,Female,A+,24.7,"H.No. 320, Varma Circle",562005,Healthy,100,65
3367,3368,P3368-8510-2,Shaan Som,1985-10-22,39,Female,O+,23.6,"21
Upadhyay",571010,Epilepsy,89,90
3368,3369,P3369-7501-1,Navya Atwal,1975-01-19,50,Male,B+,22.7,"49/80, Date Circle",560014,Asthma,80,14
3369,3370,P3370-0105-2,Veer Datta,2001-05-20,24,Female,A+,24.7,"53, Manda",560026,Dementia,100,26
3370,3371,P3371-8209-1,Kartik Bal,1982-09-29,42,Male,B-,23.4,"H.No. 27
Chokshi Nagar",560105,Epilepsy,87,36
3371,3372,P3372-6406-2,Ivana Khosla,1964-06-08,61,Female,B+,27.6,"05/107, Rajan Chowk",572002,Hypertension,129,92
3372,3373,P3373-6410-1,Indrajit Subramaniam,1964-10-15,60,Male,AB+,25.7,"H.No. 79, Chahal Nagar",572004,Sleep Apnea,110,94
3373,3374,P3374-8901-1,Ishita Kade,1989-01-28,36,Male,O+,20.4,"944, Bahl Path",560027,Diabetes,57,27
3374,3375,P3375-5410-1,Lakshay Gaba,1954-10-16,70,Male,B-,24.5,"H.No. 71
Brar Ganj",560202,Healthy,98,43
3375,3376,P3376-5301-2,Mishti Manne,1953-01-15,72,Female,O+,26.1,"77
Deep",560022,Hypertension,114,22
3376,3377,P3377-0201-1,Jayant Arora,2002-01-04,23,Male,B+,26.6,"63/84
Chauhan Road",561010,Epilepsy,119,60
3377,3378,P3378-5309-1,Saira Dass,1953-09-02,71,Male,O-,22.7,"546
Koshy Ganj",562005,Healthy,80,65
3378,3379,P3379-6804-1,Vidur Rattan,1968-04-08,57,Male,AB+,25.0,"H.No. 693, Gopal Path",572005,Dementia,103,95
3379,3380,P3380-4612-1,Saira Dhaliwal,1946-12-09,78,Male,B+,26.3,"H.No. 796, Borde Marg",560007,Gout,116,7
3380,3381,P3381-7612-1,Arhaan Bath,1976-12-05,48,Male,B+,24.2,"75/215, Andra Path",560204,Epilepsy,95,45
3381,3382,P3382-0407-2,Vaibhav Gandhi,2004-07-04,21,Female,O+,24.0,"369
Tiwari",561002,Healthy,93,52
3382,3383,P3383-5808-1,Gatik Sengupta,1958-08-27,66,Male,O+,23.5,"560
Saran",572005,Hypertension,88,95
3383,3384,P3384-8906-1,Nirvaan Kar,1989-06-28,36,Male,O+,25.1,"068
Kalita Street",571010,Healthy,104,90
3384,3385,P3385-4009-2,Onkar Dutt,1940-09-06,84,Female,A+,24.7,"30/77
Barad Nagar",571004,Healthy,100,84
3385,3386,P3386-9306-1,Jayant Sha,1993-06-13,32,Male,A+,22.3,"H.No. 98, Iyer Circle",562007,Diabetes,76,67
3386,3387,P3387-7708-1,Kashvi Trivedi,1977-08-18,47,Male,A+,26.0,"H.No. 237, Ravi Path",560207,Sleep Apnea,113,48
3387,3388,P3388-4207-2,Dhanush Din,1942-07-16,83,Female,O+,26.3,"H.No. 57, Dewan",562008,Epilepsy,116,68
3388,3389,P3389-0407-2,Yuvaan Kamdar,2004-07-27,20,Female,B-,25.6,"630
Borra Marg",571007,Hypertension,109,87
3389,3390,P3390-4108-2,Baiju Khalsa,1941-08-15,83,Female,O+,25.5,"H.No. 835, Yadav Ganj",562005,Depression,108,65
3390,3391,P3391-8008-2,Romil Sidhu,1980-08-22,44,Female,O+,26.2,"H.No. 16
Deshpande Road",560108,Diabetes,115,39
3391,3392,P3392-5205-2,Ayesha Mannan,1952-05-06,73,Female,O-,22.9,"67/69, Dada Path",560104,Epilepsy,82,35
3392,3393,P3393-7004-1,Rohan Kota,1970-04-06,55,Male,O+,23.9,"41, Malhotra Chowk",560102,Epilepsy,92,33
3393,3394,P3394-0309-1,Indrajit Ganguly,2003-09-28,21,Male,O+,25.9,"H.No. 25, Sood Zila",560106,Sleep Apnea,112,37
3394,3395,P3395-6506-2,Riaan Chauhan,1965-06-03,60,Female,O+,22.2,"88/250
Gandhi Ganj",560005,Osteoporosis,75,5
3395,3396,P3396-0311-2,Faiyaz Kota,2003-11-26,21,Female,A+,26.2,"34
Vyas Zila",560101,Diabetes,115,32
3396,3397,P3397-5108-1,Krish Banerjee,1951-08-05,73,Male,O+,23.8,"H.No. 894
Venkatesh Path",560011,Depression,91,11
3397,3398,P3398-6403-1,Reyansh Bobal,1964-03-25,61,Male,B+,26.8,"077, Shankar Circle",561010,Heart Disease,121,60
3398,3399,P3399-4706-1,Zaina Tandon,1947-06-21,78,Male,A+,25.6,"H.No. 769
Sarraf Circle",561008,Depression,109,58
3399,3400,P3400-6710-2,Kiara Luthra,1967-10-06,57,Female,A+,22.8,"H.No. 247
Dhawan Marg",560029,Epilepsy,81,29
3400,3401,P3401-6511-1,Riya Kala,1965-11-21,59,Male,O+,23.8,"61/895, Gupta Chowk",560027,Gout,91,27
3401,3402,P3402-8409-2,Nitara Kar,1984-09-23,40,Female,O+,28.0,"58/93, Kala Street",560027,Diabetes,133,27
3402,3403,P3403-4006-1,Kaira Gokhale,1940-06-30,85,Male,B-,23.0,"20, Yohannan Circle",560018,Heart Disease,83,18
3403,3404,P3404-4702-1,Kashvi Wable,1947-02-22,78,Male,A+,22.4,"169
Loyal",560021,Diabetes,77,21
3404,3405,P3405-4910-2,Damini Manne,1949-10-11,75,Female,AB+,28.1,"47
Thaman Circle",570001,Epilepsy,134,71
3405,3406,P3406-5505-1,Kabir Raja,1955-05-08,70,Male,A+,25.1,"H.No. 74, Sur",560008,Asthma,104,8
3406,3407,P3407-0106-1,Khushi Virk,2001-06-03,24,Male,O+,25.7,"H.No. 81, Devi Circle",560026,Epilepsy,110,26
3407,3408,P3408-6306-1,Bhamini Srinivasan,1963-06-22,62,Male,AB+,21.8,"H.No. 622
Shukla Nagar",560204,Sleep Apnea,71,45
3408,3409,P3409-7803-1,Ela Goyal,1978-03-02,47,Male,B+,24.9,"H.No. 645, Hans",560008,Epilepsy,102,8
3409,3410,P3410-9807-2,Taimur Saha,1998-07-22,26,Female,B-,27.9,"H.No. 272, Varughese Zila",560102,Asthma,132,33
3410,3411,P3411-7012-1,Rania Kari,1970-12-22,54,Male,A+,26.6,"850
Chand Ganj",571007,Diabetes,119,87
3411,3412,P3412-8812-1,Pranay Grover,1988-12-04,36,Male,O+,25.4,"34/90
Raj Street",572010,Hypertension,107,100
3412,3413,P3413-6711-2,Aaryahi Sahota,1967-11-21,57,Female,B+,23.8,"51/77, Kulkarni Path",560024,Osteoporosis,91,24
3413,3414,P3414-4402-2,Riya Sama,1944-02-26,81,Female,O+,23.2,"692, Chakrabarti Path",560105,Sleep Apnea,85,36
3414,3415,P3415-7207-2,Nitya Ratti,1972-07-27,52,Female,B+,27.9,"41/989, Issac Nagar",572008,Dementia,132,98
3415,3416,P3416-4701-1,Arnav Dash,1947-01-20,78,Male,O+,24.6,"88/039, Aggarwal Circle",560015,Sleep Apnea,99,15
3416,3417,P3417-6105-2,Jayant Ramesh,1961-05-25,64,Female,B-,24.5,"H.No. 846
Contractor Street",560018,Asthma,98,18
3417,3418,P3418-8102-1,Purab Devan,1981-02-11,44,Male,O+,21.4,"34/15
Walla Road",560029,Heart Disease,67,29
3418,3419,P3419-6605-1,Priyansh Reddy,1966-05-19,59,Male,A+,23.4,"98/32, Dhar Zila",571002,Asthma,87,82
3419,3420,P3420-8406-2,Yuvaan Samra,1984-06-24,41,Female,AB+,27.5,"85
Mannan",570010,Epilepsy,128,80
3420,3421,P3421-9803-1,Sana Vora,1998-03-03,27,Male,B-,25.4,"H.No. 320, Vyas Road",560016,Dementia,107,16
3421,3422,P3422-9710-2,Neysa Shenoy,1997-10-24,27,Female,O-,24.8,"737, Chacko Nagar",562006,Epilepsy,101,66
3422,3423,P3423-7801-2,Elakshi Dey,1978-01-20,47,Female,AB-,23.9,"954, Wadhwa Marg",570003,Osteoporosis,92,73
3423,3424,P3424-6606-1,Anay Ravel,1966-06-23,59,Male,O+,28.7,"542, Kurian Nagar",560011,Hypertension,140,11
3424,3425,P3425-8704-2,Arhaan Zachariah,1987-04-30,38,Female,O+,22.1,"74/161
Goda Path",570006,Heart Disease,74,76
3425,3426,P3426-8808-1,Kabir Wali,1988-08-01,36,Male,O+,25.1,"45, Brahmbhatt Chowk",560012,Hypertension,104,12
3426,3427,P3427-5908-1,Drishya Rao,1959-08-14,65,Male,O+,23.3,"H.No. 881
Deo Ganj",560010,Dementia,86,10
3427,3428,P3428-4505-2,Onkar Dasgupta,1945-05-20,80,Female,B+,25.7,"90/74
Manda Ganj",560202,Healthy,110,43
3428,3429,P3429-5301-2,Samiha Loke,1953-01-12,72,Female,A+,22.9,"24/49, Sahota Marg",560207,Depression,82,48
3429,3430,P3430-9407-2,Rohan Kurian,1994-07-02,31,Female,O+,24.9,"H.No. 188
Ratta Circle",561002,Diabetes,102,52
3430,3431,P3431-7112-2,Sumer Kannan,1971-12-24,53,Female,A-,23.1,"H.No. 82
Warrior",560107,Epilepsy,84,38
3431,3432,P3432-4210-2,Kiara Gala,1942-10-19,82,Female,B-,21.9,"99, Jayaraman",560206,Diabetes,72,47
3432,3433,P3433-9603-2,Oorja Mahal,1996-03-15,29,Female,O+,23.9,"851
Ratti Nagar",560019,Diabetes,92,19
3433,3434,P3434-9803-1,Vardaniya Sibal,1998-03-11,27,Male,O+,22.5,"H.No. 74, Varkey Circle",570010,Sleep Apnea,78,80
3434,3435,P3435-6002-2,Armaan Dugar,1960-02-11,65,Female,A+,21.1,"06, Deo Road",560023,Hypertension,64,23
3435,3436,P3436-6212-1,Miraya Butala,1962-12-04,62,Male,O+,22.9,"H.No. 33
Krishnamurthy Nagar",560010,Heart Disease,82,10
3436,3437,P3437-7206-2,Ayesha Ram,1972-06-22,53,Female,O+,23.0,"H.No. 184, Sood Street",562003,Heart Disease,83,63
3437,3438,P3438-5604-1,Prerak Lal,1956-04-19,69,Male,AB-,23.2,"10/544, Thakkar Nagar",560108,Hypertension,85,39
3438,3439,P3439-9812-1,Miraya Wagle,1998-12-27,26,Male,A+,21.3,"H.No. 687
Bawa Path",561009,Depression,66,59
3439,3440,P3440-0505-2,Uthkarsh Bobal,2005-05-26,20,Female,O+,24.0,"H.No. 84
Vasa Path",562007,Sleep Apnea,93,67
3440,3441,P3441-0304-1,Nishith Dube,2003-04-02,22,Male,B+,25.2,"990, Tella Nagar",560001,Asthma,105,1
3441,3442,P3442-0404-2,Advika Ahuja,2004-04-24,21,Female,O-,25.1,"79, Sachdev Street",571006,Osteoporosis,104,86
3442,3443,P3443-5002-1,Himmat Shan,1950-02-10,75,Male,A+,27.4,"H.No. 51
Sen Ganj",571002,Heart Disease,127,82
3443,3444,P3444-0503-1,Sana Dutt,2005-03-02,20,Male,O-,23.0,"38/141, Sehgal Ganj",560207,Osteoporosis,83,48
3444,3445,P3445-4009-2,Saira Mangal,1940-09-19,84,Female,O-,23.3,"38
Tailor Zila",560028,Asthma,86,28
3445,3446,P3446-0511-2,Chirag Sami,2005-11-19,19,Female,O+,21.9,"H.No. 15, Jhaveri Ganj",560100,Depression,72,31
3446,3447,P3447-9906-1,Shalv Verma,1999-06-14,26,Male,A-,22.3,"648, Bhagat Ganj",560107,Healthy,76,38
3447,3448,P3448-6303-2,Kimaya Kapur,1963-03-04,62,Female,B+,20.1,"36/29, Mani Zila",572007,Healthy,54,97
3448,3449,P3449-5607-1,Aaryahi Goyal,1956-07-30,68,Male,A+,24.9,"452
Dyal Ganj",572004,Dementia,102,94
3449,3450,P3450-7212-2,Prisha Chakrabarti,1972-12-05,52,Female,O-,26.9,"H.No. 97
Ghose Zila",560006,Sleep Apnea,122,6
3450,3451,P3451-6507-1,Bhamini Soman,1965-07-07,60,Male,O+,24.7,"352, Chaudhari Marg",562002,Heart Disease,100,62
3451,3452,P3452-6009-2,Yuvraj  Keer,1960-09-04,64,Female,O-,24.4,"39/64
Ray Marg",570004,Dementia,97,74
3452,3453,P3453-9109-1,Aayush Ramaswamy,1991-09-25,33,Male,B+,24.0,"134
Sabharwal Street",560030,Depression,93,30
3453,3454,P3454-5601-1,Anika Solanki,1956-01-11,69,Male,O+,26.0,"H.No. 00
Andra",560021,Depression,113,21
3454,3455,P3455-7303-1,Raghav De,1973-03-02,52,Male,O+,22.3,"80, Sarraf Road",570001,Gout,76,71
3455,3456,P3456-0111-1,Ishaan Khurana,2001-11-05,23,Male,O+,24.3,"93/63
Dhar Circle",561007,Epilepsy,96,57
3456,3457,P3457-5207-1,Eva Kalita,1952-07-12,73,Male,B+,25.8,"55/35
Rama Ganj",561010,Depression,111,60
3457,3458,P3458-5312-2,Hrishita Bandi,1953-12-25,71,Female,A+,22.1,"H.No. 652, Barad Marg",560005,Epilepsy,74,5
3458,3459,P3459-6512-1,Zaina Bose,1965-12-23,59,Male,O+,21.0,"686, Bera Ganj",560107,Hypertension,63,38
3459,3460,P3460-4402-1,Anahi Basak,1944-02-17,81,Male,B+,21.3,"39/301
Thakur Street",560018,Hypertension,66,18
3460,3461,P3461-4501-2,Divij Bahri,1945-01-20,80,Female,O+,25.3,"H.No. 23
Sunder Ganj",560106,Heart Disease,106,37
3461,3462,P3462-6207-2,Saanvi Bora,1962-07-09,63,Female,O-,24.9,"187
Acharya Street",562004,Asthma,102,64
3462,3463,P3463-6204-2,Samar Shukla,1962-04-01,63,Female,O+,20.7,"80
Barad Marg",560024,Depression,60,24
3463,3464,P3464-8207-1,Darshit Brar,1982-07-04,43,Male,A+,22.8,"91/109, Gopal Marg",560007,Gout,81,7
3464,3465,P3465-8310-2,Dhanuk Ravi,1983-10-14,41,Female,O+,23.0,"49/391
Rau Zila",572008,Heart Disease,83,98
3465,3466,P3466-9105-1,Yashvi Borde,1991-05-21,34,Male,A+,21.9,"97
Bera Zila",570001,Dementia,72,71
3466,3467,P3467-0511-2,Sara Majumdar,2005-11-28,19,Female,O+,26.9,"83/43
Mangat Street",560013,Hypertension,122,13
3467,3468,P3468-8907-1,Nakul Shetty,1989-07-10,36,Male,B+,22.5,"01/193
Chanda Road",572007,Epilepsy,78,97
3468,3469,P3469-9911-1,Riaan Apte,1999-11-08,25,Male,B+,22.1,"30, Venkatesh Road",572005,Osteoporosis,74,95
3469,3470,P3470-8406-2,Mannat Bir,1984-06-06,41,Female,A+,21.9,"15
Thakkar Ganj",570004,Heart Disease,72,74
3470,3471,P3471-6109-1,Badal Dhillon,1961-09-24,63,Male,A-,24.4,"30, Balasubramanian Path",560008,Diabetes,97,8
3471,3472,P3472-7310-2,Ishaan Sarraf,1973-10-16,51,Female,O+,26.2,"579, Lalla Zila",560201,Hypertension,115,42
3472,3473,P3473-5810-2,Hunar Bakshi,1958-10-01,66,Female,O-,25.2,"356
Baria Ganj",560015,Gout,105,15
3473,3474,P3474-4207-2,Zoya Lalla,1942-07-18,83,Female,O+,23.1,"H.No. 011
Bhalla Ganj",560004,Epilepsy,84,4
3474,3475,P3475-7405-2,Emir Raju,1974-05-12,51,Female,O+,22.0,"65/972
Chadha Street",572005,Osteoporosis,73,95
3475,3476,P3476-4112-1,Ojas Chandra,1941-12-23,83,Male,B+,24.0,"725
Chahal Zila",572010,Asthma,93,100
3476,3477,P3477-8308-2,Ahana  Mallick,1983-08-10,41,Female,AB+,25.1,"H.No. 203, Mander Ganj",572008,Hypertension,104,98
3477,3478,P3478-0004-1,Neysa Balay,2000-04-21,25,Male,A+,27.1,"52
Lal Nagar",560103,Diabetes,124,34
3478,3479,P3479-0204-2,Elakshi Doctor,2002-04-01,23,Female,B-,24.9,"H.No. 02, Hari Path",561007,Healthy,102,57
3479,3480,P3480-8110-2,Fateh Samra,1981-10-21,43,Female,O-,28.7,"12/24
Karpe Road",560108,Hypertension,140,39
3480,3481,P3481-6405-1,Alia Bera,1964-05-14,61,Male,AB+,22.4,"H.No. 11, Kota Street",572006,Dementia,77,96
3481,3482,P3482-7705-1,Vedika Desai,1977-05-26,48,Male,O+,22.6,"H.No. 211, Balay Circle",560005,Osteoporosis,79,5
3482,3483,P3483-9101-1,Lakshit Bansal,1991-01-16,34,Male,A+,24.9,"46/31, Shere Nagar",560203,Sleep Apnea,102,44
3483,3484,P3484-9305-1,Zara Ghosh,1993-05-19,32,Male,B-,23.9,"567, Mall Path",562007,Epilepsy,92,67
3484,3485,P3485-4112-2,Nehmat Tata,1941-12-10,83,Female,B+,26.7,"H.No. 722, Singh Nagar",560008,Gout,120,8
3485,3486,P3486-6908-1,Madhav Raja,1969-08-17,55,Male,A+,28.3,"H.No. 845
Bedi Ganj",562008,Gout,136,68
3486,3487,P3487-7405-1,Adira Saraf,1974-05-16,51,Male,AB+,21.3,"H.No. 76, Kurian Marg",560206,Diabetes,66,47
3487,3488,P3488-4301-2,Rasha Deo,1943-01-12,82,Female,O+,26.2,"H.No. 95, Chaudhuri Path",570004,Dementia,115,74
3488,3489,P3489-7108-2,Mamooty Khurana,1971-08-11,53,Female,AB+,26.4,"H.No. 16, Dewan Marg",560025,Gout,117,25
3489,3490,P3490-6606-1,Indrans Bains,1966-06-18,59,Male,O+,23.8,"H.No. 866
Raval Ganj",560014,Asthma,91,14
3490,3491,P3491-0306-2,Zeeshan Sehgal,2003-06-27,22,Female,O-,26.8,"41/960, Kibe Street",560025,Epilepsy,121,25
3491,3492,P3492-9202-1,Yuvraj  Vyas,1992-02-27,33,Male,O+,19.9,"46/16, Bail Nagar",560104,Asthma,52,35
3492,3493,P3493-4702-2,Eva Suri,1947-02-18,78,Female,A+,24.7,"H.No. 137, Dutta Ganj",560020,Gout,100,20
3493,3494,P3494-4901-2,Miraan Bera,1949-01-03,76,Female,O+,21.5,"313
Borra Circle",560102,Healthy,68,33
3494,3495,P3495-4205-2,Aaina Bava,1942-05-04,83,Female,O+,24.2,"H.No. 142, Amble Ganj",560025,Osteoporosis,95,25
3495,3496,P3496-5108-1,Aaryahi Savant,1951-08-03,73,Male,A-,26.6,"00
Subramanian",560027,Gout,119,27
3496,3497,P3497-4306-2,Anika Shetty,1943-06-12,82,Female,O-,25.4,"H.No. 931
Krishna Nagar",572003,Epilepsy,107,93
3497,3498,P3498-8201-2,Parinaaz Rege,1982-01-13,43,Female,B+,28.6,"H.No. 93
Krishna Road",561005,Sleep Apnea,139,55
3498,3499,P3499-5807-2,Pari Sangha,1958-07-26,66,Female,A+,25.1,"H.No. 094
Solanki Ganj",560200,Heart Disease,104,41
3499,3500,P3500-6811-2,Drishya Bobal,1968-11-10,56,Female,O+,23.0,"79/95
Bakshi Street",560030,Sleep Apnea,83,30
3500,3501,P3501-6007-2,Nitya Din,1960-07-10,65,Female,AB+,22.4,"H.No. 560
Kalita Circle",572004,Asthma,77,94
3501,3502,P3502-9109-1,Mishti Kunda,1991-09-09,33,Male,A-,23.4,"H.No. 13
Rajagopalan Path",560101,Diabetes,87,32
3502,3503,P3503-6209-1,Kabir Konda,1962-09-22,62,Male,O-,27.1,"H.No. 38, Hans Circle",562003,Heart Disease,124,63
3503,3504,P3504-5103-1,Uthkarsh Uppal,1951-03-24,74,Male,B-,23.1,"H.No. 495, Dalal Zila",560007,Depression,84,7
3504,3505,P3505-7107-1,Vivaan Batra,1971-07-20,53,Male,O+,23.5,"H.No. 87, Sachdev Path",571010,Healthy,88,90
3505,3506,P3506-5304-1,Anahita Khare,1953-04-29,72,Male,O-,23.2,"01/998, Keer Ganj",570001,Hypertension,85,71
3506,3507,P3507-9306-1,Riya Mani,1993-06-08,32,Male,B+,24.8,"47/69, Sur Marg",561010,Osteoporosis,101,60
3507,3508,P3508-9509-1,Nitara Khatri,1995-09-23,29,Male,O-,23.1,"18/962
Kala Ganj",562006,Epilepsy,84,66
3508,3509,P3509-8007-1,Zara Warrior,1980-07-26,44,Male,B+,26.8,"244, Srinivasan Marg",561008,Hypertension,121,58
3509,3510,P3510-6502-1,Lakshit Joshi,1965-02-25,60,Male,A+,26.1,"01, Bhat Ganj",560002,Diabetes,114,2
3510,3511,P3511-8807-1,Lakshay Kohli,1988-07-22,36,Male,B-,23.3,"H.No. 27, Raju Road",571006,Sleep Apnea,86,86
3511,3512,P3512-9209-1,Nakul Gupta,1992-09-06,32,Male,B+,20.8,"954, Dash Path",560016,Healthy,61,16
3512,3513,P3513-7104-2,Inaaya  Grewal,1971-04-01,54,Female,O+,23.0,"H.No. 97, Madan Marg",562003,Healthy,83,63
3513,3514,P3514-0204-2,Rania Ramesh,2002-04-24,23,Female,B+,25.5,"H.No. 527
Babu Road",561001,Epilepsy,108,51
3514,3515,P3515-4712-1,Ranbir Sama,1947-12-18,77,Male,O+,24.8,"93/37
Sheth",571005,Sleep Apnea,101,85
3515,3516,P3516-4311-2,Divij Wagle,1943-11-28,81,Female,A+,23.9,"61
Kala Road",572008,Diabetes,92,98
3516,3517,P3517-6908-2,Tarini Gour,1969-08-03,55,Female,O+,23.2,"48, Comar Path",561010,Heart Disease,85,60
3517,3518,P3518-0309-1,Anay Halder,2003-09-12,21,Male,B+,24.8,"23/52
Brar Chowk",562008,Depression,101,68
3518,3519,P3519-4110-2,Akarsh Arya,1941-10-06,83,Female,A+,25.6,"H.No. 69, Ray",562009,Asthma,109,69
3519,3520,P3520-6703-2,Arhaan Soni,1967-03-19,58,Female,A+,23.5,"H.No. 05, Varghese Road",570003,Sleep Apnea,88,73
3520,3521,P3521-6707-2,Pihu Khatri,1967-07-22,57,Female,AB+,23.8,"H.No. 926
Dash Circle",572008,Dementia,91,98
3521,3522,P3522-7306-2,Mishti Shenoy,1973-06-24,52,Female,O+,26.3,"28, Mammen Ganj",570010,Dementia,116,80
3522,3523,P3523-5601-2,Armaan Mangal,1956-01-04,69,Female,B+,23.2,"14/809, Dyal Circle",560201,Heart Disease,85,42
3523,3524,P3524-9310-2,Aradhya Bora,1993-10-08,31,Female,O-,19.4,"58/49, Sahota Street",571004,Healthy,47,84
3524,3525,P3525-7512-2,Kiaan Choudhary,1975-12-21,49,Female,A-,23.1,"84/73, Sawhney",562006,Osteoporosis,84,66
3525,3526,P3526-9608-1,Rasha Karnik,1996-08-22,28,Male,O+,24.8,"H.No. 072
Kumar",562007,Gout,101,67
3526,3527,P3527-7109-2,Ojas Varkey,1971-09-14,53,Female,B-,24.0,"35/45, Walia Circle",560205,Hypertension,93,46
3527,3528,P3528-5709-1,Akarsh Sandhu,1957-09-30,67,Male,O-,23.8,"265
Gulati Chowk",560207,Healthy,91,48
3528,3529,P3529-9305-1,Nirvaan Kunda,1993-05-03,32,Male,O+,22.0,"61
Koshy Marg",560019,Heart Disease,73,19
3529,3530,P3530-5108-1,Rania Shroff,1951-08-26,73,Male,A+,25.9,"18/88
Sachdev Road",560207,Gout,112,48
3530,3531,P3531-7303-2,Hazel Gokhale,1973-03-31,52,Female,A+,25.0,"20/96, Mann Zila",560102,Asthma,103,33
3531,3532,P3532-9405-2,Rania Grover,1994-05-30,31,Female,B+,27.2,"H.No. 997, Edwin Zila",562002,Healthy,125,62
3532,3533,P3533-6905-1,Parinaaz Mane,1969-05-27,56,Male,O+,21.9,"H.No. 226, Lanka",560026,Asthma,72,26
3533,3534,P3534-8903-2,Lavanya Divan,1989-03-26,36,Female,O+,27.6,"304
Dayal Path",560028,Osteoporosis,129,28
3534,3535,P3535-7504-1,Gokul Bumb,1975-04-23,50,Male,O-,21.9,"H.No. 44
Subramaniam Road",562009,Epilepsy,72,69
3535,3536,P3536-4112-1,Riya Dar,1941-12-27,83,Male,O+,26.6,"H.No. 69
Majumdar Nagar",562007,Gout,119,67
3536,3537,P3537-4104-2,Arhaan Kumar,1941-04-05,84,Female,O-,23.9,"68
Rao",560108,Epilepsy,92,39
3537,3538,P3538-8602-2,Onkar Dyal,1986-02-23,39,Female,AB+,24.4,"H.No. 84
Mann Marg",570008,Asthma,97,78
3538,3539,P3539-6501-1,Drishya Anne,1965-01-27,60,Male,AB+,24.6,"317, Bhatti Zila",562001,Depression,99,61
3539,3540,P3540-9407-2,Jivin Chand,1994-07-19,30,Female,B+,21.9,"H.No. 095
Taneja",561010,Healthy,72,60
3540,3541,P3541-6610-2,Jhanvi Mangal,1966-10-03,58,Female,AB+,21.3,"416
Srivastava Marg",562008,Depression,66,68
3541,3542,P3542-0407-1,Ela Kothari,2004-07-18,20,Male,O+,22.6,"57/599
Lalla Nagar",570009,Sleep Apnea,79,79
3542,3543,P3543-7206-2,Prerak Srinivas,1972-06-24,53,Female,O+,20.3,"H.No. 045
Swaminathan Zila",560103,Osteoporosis,56,34
3543,3544,P3544-5901-1,Umang Johal,1959-01-22,66,Male,AB+,24.2,"34/428
Sundaram Path",560205,Hypertension,95,46
3544,3545,P3545-0104-1,Alisha Bava,2001-04-23,24,Male,A+,23.7,"H.No. 63, Chaudhry Marg",570010,Diabetes,90,80
3545,3546,P3546-9707-2,Myra Bhavsar,1997-07-19,27,Female,A+,26.6,"96/78
Arya",560021,Hypertension,119,21
3546,3547,P3547-6211-2,Vardaniya Zacharia,1962-11-19,62,Female,B+,24.3,"H.No. 533
Amble",560101,Epilepsy,96,32
3547,3548,P3548-5803-2,Abram Sankar,1958-03-06,67,Female,O+,23.3,"10/219, Varughese Road",571007,Asthma,86,87
3548,3549,P3549-7307-1,Anvi Ramaswamy,1973-07-13,52,Male,B+,25.5,"115
Bandi Zila",570002,Depression,108,72
3549,3550,P3550-5507-2,Uthkarsh Chandran,1955-07-31,69,Female,AB+,23.8,"17/926
Kohli Circle",560022,Gout,91,22
3550,3551,P3551-0406-2,Indranil Kumer,2004-06-24,21,Female,AB+,24.0,"511, Gole Street",562008,Healthy,93,68
3551,3552,P3552-5409-2,Arhaan Mammen,1954-09-04,70,Female,O-,24.7,"H.No. 511
Golla",571006,Diabetes,100,86
3552,3553,P3553-0007-2,Tara Sodhi,2000-07-08,24,Female,O+,24.1,"860
Handa Chowk",562006,Depression,94,66
3553,3554,P3554-8402-2,Ojas Sami,1984-02-27,41,Female,AB-,25.8,"89
Bandi",560021,Asthma,111,21
3554,3555,P3555-9507-1,Rohan Sachdeva,1995-07-09,30,Male,O+,20.4,"H.No. 123
Barad Street",572003,Sleep Apnea,57,93
3555,3556,P3556-7001-2,Oorja Ram,1970-01-19,55,Female,A+,22.8,"H.No. 62
Sharaf Path",560006,Sleep Apnea,81,6
3556,3557,P3557-7712-2,Nayantara Gade,1977-12-05,47,Female,O+,26.2,"H.No. 296, Kothari Zila",562007,Sleep Apnea,115,67
3557,3558,P3558-7704-1,Gokul Keer,1977-04-26,48,Male,A+,22.6,"326, Manda Ganj",560009,Epilepsy,79,9
3558,3559,P3559-9909-1,Mannat Banik,1999-09-08,25,Male,O+,23.3,"H.No. 979, Sangha Zila",560100,Healthy,86,31
3559,3560,P3560-7605-2,Miraan Yohannan,1976-05-18,49,Female,O+,23.6,"H.No. 632
Batta Zila",560003,Asthma,89,3
3560,3561,P3561-5512-1,Ela Golla,1955-12-02,69,Male,B-,27.0,"H.No. 649, Subramaniam",570004,Heart Disease,123,74
3561,3562,P3562-8008-2,Aayush Devi,1980-08-28,44,Female,A+,23.9,"67, Vig Path",560016,Healthy,92,16
3562,3563,P3563-5103-2,Lakshit Dara,1951-03-05,74,Female,O+,19.7,"H.No. 557
Desai Marg",560108,Epilepsy,50,39
3563,3564,P3564-0410-2,Farhan Kumer,2004-10-21,20,Female,O+,23.8,"17/339
Atwal Chowk",560003,Sleep Apnea,91,3
3564,3565,P3565-4811-2,Heer Keer,1948-11-22,76,Female,B+,23.0,"729
Vig Zila",570008,Asthma,83,78
3565,3566,P3566-4610-2,Hridaan Shankar,1946-10-31,78,Female,O+,23.9,"72
Hans Marg",560015,Depression,92,15
3566,3567,P3567-4511-2,Kavya Varkey,1945-11-09,79,Female,O+,23.8,"55, Rajan Circle",560203,Hypertension,91,44
3567,3568,P3568-5801-2,Rati Gola,1958-01-27,67,Female,B+,24.5,"H.No. 83
Ramakrishnan Zila",560002,Healthy,98,2
3568,3569,P3569-6508-1,Aarush Varma,1965-08-11,59,Male,B+,25.2,"85/125
Chatterjee Street",560102,Depression,105,33
3569,3570,P3570-4009-1,Mehul Joshi,1940-09-15,84,Male,B+,24.6,"743, Bora Marg",571005,Hypertension,99,85
3570,3571,P3571-8505-2,Nitara Sachdeva,1985-05-12,40,Female,A-,21.8,"607
Warrior Nagar",560012,Diabetes,71,12
3571,3572,P3572-7007-1,Advika Warrior,1970-07-25,54,Male,A+,27.7,"H.No. 447, Loyal",560104,Healthy,130,35
3572,3573,P3573-0007-1,Parinaaz Khurana,2000-07-20,24,Male,O+,20.8,"77/30, Kurian Nagar",560004,Diabetes,61,4
3573,3574,P3574-8406-2,Navya Kala,1984-06-13,41,Female,O-,22.3,"08/452
Baral Zila",562009,Depression,76,69
3574,3575,P3575-5009-1,Anvi Chaudhary,1950-09-01,74,Male,A-,27.0,"H.No. 142
Ghose Nagar",560200,Depression,123,41
3575,3576,P3576-4507-2,Bhamini Dutt,1945-07-12,80,Female,O+,26.4,"H.No. 701, Mangat Zila",561009,Gout,117,59
3576,3577,P3577-5603-1,Rasha Kapadia,1956-03-01,69,Male,AB+,25.9,"59, Varma Zila",560008,Hypertension,112,8
3577,3578,P3578-4509-2,Bhamini Doctor,1945-09-01,79,Female,O+,22.5,"H.No. 720, Chandran Nagar",560107,Healthy,78,38
3578,3579,P3579-4804-2,Farhan Karpe,1948-04-19,77,Female,B+,23.3,"507, Bhargava",561001,Gout,86,51
3579,3580,P3580-4001-1,Nitya Hayre,1940-01-26,85,Male,O+,24.3,"918
Sodhi",560209,Hypertension,96,50
3580,3581,P3581-4111-1,Mahika Vig,1941-11-07,83,Male,A+,24.5,"H.No. 70
Sankar Circle",570008,Epilepsy,98,78
3581,3582,P3582-5302-2,Shaan Garg,1953-02-02,72,Female,B+,23.3,"404, Gaba",560106,Epilepsy,86,37
3582,3583,P3583-8112-1,Hridaan Kata,1981-12-05,43,Male,B+,23.6,"H.No. 518
Chacko Street",560024,Osteoporosis,89,24
3583,3584,P3584-4711-1,Ayesha Barad,1947-11-07,77,Male,O+,22.4,"29/41
Rau Circle",562002,Epilepsy,77,62
3584,3585,P3585-4609-2,Divyansh Khosla,1946-09-29,78,Female,O-,21.9,"322, Setty Path",562009,Heart Disease,72,69
3585,3586,P3586-7108-1,Aradhya Bhandari,1971-08-13,53,Male,B-,22.0,"83/896
Choudhary",560003,Osteoporosis,73,3
3586,3587,P3587-8602-2,Uthkarsh Seshadri,1986-02-26,39,Female,O+,23.5,"H.No. 50, Andra Road",560108,Epilepsy,88,39
3587,3588,P3588-4812-2,Yashvi Vora,1948-12-05,76,Female,B+,23.0,"H.No. 127, Khanna Ganj",560022,Osteoporosis,83,22
3588,3589,P3589-8307-1,Indranil Bhat,1983-07-09,42,Male,O+,19.9,"16
Brahmbhatt Chowk",560026,Sleep Apnea,52,26
3589,3590,P3590-4406-1,Anaya Dasgupta,1944-06-21,81,Male,B+,21.5,"515
Lata Nagar",571010,Epilepsy,68,90
3590,3591,P3591-5207-1,Myra Jha,1952-07-09,73,Male,B-,23.3,"570
Deshpande Nagar",570006,Epilepsy,86,76
3591,3592,P3592-4505-1,Mannat Dugal,1945-05-03,80,Male,B-,22.0,"H.No. 396
Savant Marg",560005,Healthy,73,5
3592,3593,P3593-0105-1,Vanya Wali,2001-05-31,24,Male,B+,23.2,"H.No. 18, Bhatnagar Marg",571001,Depression,85,81
3593,3594,P3594-7211-2,Saksham Zacharia,1972-11-21,52,Female,O-,22.6,"65
Wadhwa Ganj",560014,Epilepsy,79,14
3594,3595,P3595-6711-1,Zain Dada,1967-11-26,57,Male,O+,26.0,"11/28, Sridhar Circle",560100,Asthma,113,31
3595,3596,P3596-8711-2,Saanvi Rege,1987-11-10,37,Female,O+,20.0,"51/90, Chakrabarti Path",562008,Healthy,53,68
3596,3597,P3597-9211-2,Umang Kumar,1992-11-15,32,Female,AB+,22.6,"15/595, Rajan Zila",562003,Diabetes,79,63
3597,3598,P3598-5805-2,Arhaan Warrior,1958-05-09,67,Female,B+,26.5,"H.No. 37
Soman Street",560109,Asthma,118,40
3598,3599,P3599-4211-1,Sara Korpal,1942-11-24,82,Male,A+,25.6,"32/13
Sunder Marg",560030,Diabetes,109,30
3599,3600,P3600-4908-2,Jayesh Sachdeva,1949-08-15,75,Female,O+,24.3,"18/937
Vyas Nagar",571008,Osteoporosis,96,88
3600,3601,P3601-4706-2,Hiran Wason,1947-06-14,78,Female,O-,26.9,"H.No. 41, Sahota Ganj",560107,Osteoporosis,122,38
3601,3602,P3602-7506-2,Amira Dash,1975-06-07,50,Female,A-,20.5,"12/477, Bhandari Ganj",560016,Gout,58,16
3602,3603,P3603-4404-1,Dharmajan Vig,1944-04-30,81,Male,O+,24.1,"283, Garde Path",560008,Hypertension,94,8
3603,3604,P3604-8010-1,Hunar Kaul,1980-10-21,44,Male,O+,23.1,"H.No. 90
Sachdev Street",560104,Hypertension,84,35
3604,3605,P3605-8012-1,Sumer Dhar,1980-12-25,44,Male,O+,26.1,"47/05
Dar Chowk",571006,Hypertension,114,86
3605,3606,P3606-6510-1,Tiya Kulkarni,1965-10-13,59,Male,O+,23.4,"H.No. 69, Uppal Marg",560106,Heart Disease,87,37
3606,3607,P3607-7704-2,Anya Loyal,1977-04-18,48,Female,A+,24.9,"39/381, Ahluwalia Marg",560006,Heart Disease,102,6
3607,3608,P3608-6902-2,Rasha Agrawal,1969-02-19,56,Female,A-,22.9,"H.No. 16
Dugar Street",561004,Sleep Apnea,82,54
3608,3609,P3609-9208-1,Manikya Sane,1992-08-16,32,Male,AB+,24.0,"32
Agarwal Marg",562007,Diabetes,93,67
3609,3610,P3610-9304-1,Biju Kota,1993-04-28,32,Male,B+,23.7,"H.No. 73, Bhardwaj Street",571008,Hypertension,90,88
3610,3611,P3611-8604-1,Raunak Rana,1986-04-01,39,Male,A+,26.9,"H.No. 91, Sastry Nagar",560105,Osteoporosis,122,36
3611,3612,P3612-6403-1,Miraan Thakkar,1964-03-02,61,Male,O+,21.7,"85/454, Chahal Path",572003,Sleep Apnea,70,93
3612,3613,P3613-5402-1,Keya Chacko,1954-02-21,71,Male,O+,23.4,"98, Gaba Chowk",560010,Osteoporosis,87,10
3613,3614,P3614-0211-1,Adira Loke,2002-11-29,22,Male,B+,24.0,"H.No. 822
Tailor Marg",560008,Diabetes,93,8
3614,3615,P3615-4305-1,Elakshi Mangat,1943-05-09,82,Male,O+,22.7,"53/13, Viswanathan Nagar",570009,Dementia,80,79
3615,3616,P3616-6608-2,Rohan Kakar,1966-08-28,58,Female,O-,24.6,"H.No. 017
Goda Marg",562007,Dementia,99,67
3616,3617,P3617-0406-2,Renee Venkatesh,2004-06-23,21,Female,A+,24.1,"H.No. 12
Khalsa Circle",572008,Diabetes,94,98
3617,3618,P3618-9702-2,Veer Shere,1997-02-22,28,Female,O+,21.3,"554
Bir Zila",572010,Hypertension,66,100
3618,3619,P3619-9511-2,Raunak Suri,1995-11-17,29,Female,O-,25.0,"73/085
Divan Chowk",570006,Sleep Apnea,103,76
3619,3620,P3620-0307-1,Ira Dhar,2003-07-04,22,Male,O-,20.1,"H.No. 29, Bhatt Nagar",570002,Healthy,54,72
3620,3621,P3621-4402-2,Vedika Raja,1944-02-01,81,Female,B-,23.0,"H.No. 44
Dugal Chowk",571006,Heart Disease,83,86
3621,3622,P3622-9305-1,Myra Deep,1993-05-07,32,Male,O+,22.8,"486, Contractor Nagar",562006,Gout,81,66
3622,3623,P3623-9803-1,Ehsaan Madan,1998-03-19,27,Male,O+,24.1,"H.No. 020
Doctor Road",560204,Sleep Apnea,94,45
3623,3624,P3624-7702-1,Dishani Kibe,1977-02-26,48,Male,A-,19.0,"37, Biswas Street",560102,Dementia,43,33
3624,3625,P3625-6304-2,Rohan Malhotra,1963-04-30,62,Female,O+,24.1,"H.No. 56
Dua Nagar",572001,Hypertension,94,91
3625,3626,P3626-6802-2,Mannat Dugal,1968-02-24,57,Female,B+,21.9,"H.No. 612, Dara Zila",572004,Epilepsy,72,94
3626,3627,P3627-9001-2,Yuvaan Tiwari,1990-01-17,35,Female,O+,23.6,"H.No. 98, Samra Nagar",560013,Dementia,89,13
3627,3628,P3628-0108-1,Romil Suresh,2001-08-18,23,Male,O+,23.7,"H.No. 13
Trivedi Path",560022,Diabetes,90,22
3628,3629,P3629-7505-2,Raunak Shah,1975-05-20,50,Female,B+,22.7,"736
Lad Street",561010,Heart Disease,80,60
3629,3630,P3630-4904-1,Eva Deshpande,1949-04-11,76,Male,A-,19.2,"77/578
Ahuja Circle",562008,Heart Disease,45,68
3630,3631,P3631-8703-1,Vritika Brar,1987-03-17,38,Male,O+,25.0,"H.No. 110
Saraf Path",560011,Dementia,103,11
3631,3632,P3632-4005-1,Ritvik Grover,1940-05-01,85,Male,O+,23.8,"655, Varghese Marg",562002,Osteoporosis,91,62
3632,3633,P3633-0409-1,Shalv Mandal,2004-09-05,20,Male,B+,24.3,"H.No. 599, Bala Path",560023,Gout,96,23
3633,3634,P3634-6111-1,Kabir Ramakrishnan,1961-11-09,63,Male,A+,25.7,"62/767, Vala",570007,Osteoporosis,110,77
3634,3635,P3635-6006-1,Ojas Basak,1960-06-22,65,Male,O+,21.1,"18
Ghose Ganj",562004,Osteoporosis,64,64
3635,3636,P3636-5308-2,Kiaan Sheth,1953-08-10,71,Female,B-,24.5,"52/165
Bhardwaj Zila",560209,Asthma,98,50
3636,3637,P3637-4708-1,Saksham Rau,1947-08-25,77,Male,O+,26.2,"H.No. 55
Vasa Chowk",572010,Gout,115,100
3637,3638,P3638-6503-1,Bhamini Sankar,1965-03-30,60,Male,O+,27.7,"55
Dora Road",570002,Heart Disease,130,72
3638,3639,P3639-9202-2,Sara Mahal,1992-02-21,33,Female,A+,22.5,"204, Chandra Path",560018,Gout,78,18
3639,3640,P3640-0504-1,Aarna Butala,2005-04-03,20,Male,B-,22.7,"06/191, Dyal Marg",560013,Healthy,80,13
3640,3641,P3641-0408-2,Taran Bail,2004-08-10,20,Female,O+,24.1,"89/064
Virk Ganj",562010,Sleep Apnea,94,70
3641,3642,P3642-8908-1,Ivana Thaman,1989-08-15,35,Male,O+,25.0,"86
Lala Nagar",560005,Sleep Apnea,103,5
3642,3643,P3643-6403-2,Lavanya Raju,1964-03-07,61,Female,O+,22.8,"19
Ram Street",572008,Epilepsy,81,98
3643,3644,P3644-0511-1,Ryan Bose,2005-11-28,19,Male,B-,25.1,"H.No. 964
Chandra Nagar",561009,Osteoporosis,104,59
3644,3645,P3645-7112-2,Jivika Saini,1971-12-08,53,Female,A+,23.1,"97/520
Viswanathan Street",560022,Gout,84,22
3645,3646,P3646-7105-2,Anay Mane,1971-05-15,54,Female,O+,22.2,"73, Chandran Road",560030,Depression,75,30
3646,3647,P3647-8902-2,Raunak Deshmukh,1989-02-24,36,Female,A+,24.5,"H.No. 08
Kant Chowk",561010,Epilepsy,98,60
3647,3648,P3648-9306-2,Nehmat Dora,1993-06-11,32,Female,B+,22.3,"41, Iyengar Nagar",570003,Sleep Apnea,76,73
3648,3649,P3649-0108-1,Madhup Chandran,2001-08-07,23,Male,O+,24.3,"H.No. 85
Lala Ganj",560008,Hypertension,96,8
3649,3650,P3650-7502-1,Navya Chakraborty,1975-02-23,50,Male,B+,22.7,"004, Mallick Zila",570004,Sleep Apnea,80,74
3650,3651,P3651-7909-2,Umang Sachdev,1979-09-04,45,Female,A-,27.3,"52/88, Chauhan Street",571001,Heart Disease,126,81
3651,3652,P3652-9404-2,Sumer Sibal,1994-04-13,31,Female,A+,19.6,"59
Bail",560109,Hypertension,49,40
3652,3653,P3653-6208-1,Neelofar Agrawal,1962-08-30,62,Male,B-,21.8,"61/87, Varghese Marg",572007,Dementia,71,97
3653,3654,P3654-4405-1,Vardaniya Wable,1944-05-26,81,Male,O+,23.5,"96/16, Randhawa Zila",571009,Heart Disease,88,89
3654,3655,P3655-8202-2,Inaaya  Chopra,1982-02-16,43,Female,A+,25.0,"71/36, Ahluwalia Path",560200,Epilepsy,103,41
3655,3656,P3656-0305-2,Piya Deep,2003-05-16,22,Female,O+,25.5,"H.No. 323, Lad",560018,Dementia,108,18
3656,3657,P3657-8106-1,Advik Bawa,1981-06-28,44,Male,A+,25.5,"561, Bhandari Street",562005,Heart Disease,108,65
3657,3658,P3658-4011-2,Sumer Saran,1940-11-14,84,Female,A+,25.4,"H.No. 607
Dugal Circle",561007,Heart Disease,107,57
3658,3659,P3659-9801-2,Stuvan Tripathi,1998-01-13,27,Female,O+,24.4,"82/92
Bhalla Marg",571007,Asthma,97,87
3659,3660,P3660-8103-2,Rhea Halder,1981-03-08,44,Female,AB+,23.0,"34
Mangat Street",570010,Diabetes,83,80
3660,3661,P3661-9208-1,Anay Hegde,1992-08-13,32,Male,AB+,21.7,"H.No. 40, Sheth Marg",570002,Depression,70,72
3661,3662,P3662-0011-1,Hridaan Kale,2000-11-26,24,Male,B+,24.0,"06/27
Vohra Marg",560027,Osteoporosis,93,27
3662,3663,P3663-6612-2,Anvi Chadha,1966-12-20,58,Female,A+,23.8,"15/42
Bhasin Street",560008,Dementia,91,8
3663,3664,P3664-6408-2,Aayush Sama,1964-08-16,60,Female,O+,22.4,"517
Borde Path",572003,Heart Disease,77,93
3664,3665,P3665-6510-1,Rania Rastogi,1965-10-24,59,Male,O+,25.9,"99/73, Wadhwa Ganj",562005,Heart Disease,112,65
3665,3666,P3666-9702-2,Indrans Singh,1997-02-02,28,Female,A+,25.7,"H.No. 30
Khurana Zila",560104,Osteoporosis,110,35
3666,3667,P3667-6905-2,Rohan Sachar,1969-05-24,56,Female,B+,23.9,"H.No. 374, Dass Street",560200,Healthy,92,41
3667,3668,P3668-8706-2,Damini Lal,1987-06-09,38,Female,B+,21.9,"215
Kulkarni Zila",571002,Heart Disease,72,82
3668,3669,P3669-8703-2,Rania Garde,1987-03-03,38,Female,A+,23.1,"77, Sodhi Circle",560013,Diabetes,84,13
3669,3670,P3670-4605-1,Reyansh Mammen,1946-05-30,79,Male,A-,22.6,"946
Bobal Ganj",562005,Osteoporosis,79,65
3670,3671,P3671-5611-2,Samiha Jhaveri,1956-11-24,68,Female,O+,24.2,"60/95
Ganesh Chowk",570008,Depression,95,78
3671,3672,P3672-7905-1,Priyansh Kale,1979-05-14,46,Male,O+,25.0,"239, Bahl Chowk",560024,Gout,103,24
3672,3673,P3673-0310-2,Diya Saxena,2003-10-30,21,Female,AB+,24.7,"19
Baral Road",572010,Diabetes,100,100
3673,3674,P3674-7609-2,Seher Sen,1976-09-28,48,Female,A+,24.3,"66/27
Ahuja Marg",560012,Epilepsy,96,12
3674,3675,P3675-6601-2,Jayant Mani,1966-01-02,59,Female,O+,21.7,"H.No. 79
Lala Ganj",561008,Diabetes,70,58
3675,3676,P3676-6511-1,Nakul Som,1965-11-08,59,Male,O-,23.6,"H.No. 43
Sarkar Marg",560101,Sleep Apnea,89,32
3676,3677,P3677-8509-2,Vivaan Loyal,1985-09-22,39,Female,B+,22.3,"14
Dube",570006,Sleep Apnea,76,76
3677,3678,P3678-9101-1,Lakshay Kulkarni,1991-01-29,34,Male,AB+,22.6,"89/40, Gade Circle",570006,Gout,79,76
3678,3679,P3679-4207-1,Lagan Saran,1942-07-07,83,Male,O+,25.3,"56/772
Sibal Street",562006,Depression,106,66
3679,3680,P3680-9401-1,Faiyaz Chandran,1994-01-16,31,Male,O+,25.7,"01/34
Shere Ganj",572004,Gout,110,94
3680,3681,P3681-5707-1,Raghav Sule,1957-07-07,68,Male,A+,22.4,"40, Anand Road",560028,Heart Disease,77,28
3681,3682,P3682-7702-1,Dhanush Gopal,1977-02-21,48,Male,O+,24.4,"H.No. 492, Dhawan Street",560028,Osteoporosis,97,28
3682,3683,P3683-6007-2,Mohanlal Garde,1960-07-31,64,Female,A+,24.2,"863
Kothari Ganj",570009,Osteoporosis,95,79
3683,3684,P3684-5803-2,Aarush Boase,1958-03-30,67,Female,O-,23.2,"51/61
Sethi Road",571002,Dementia,85,82
3684,3685,P3685-5904-2,Siya Krishnamurthy,1959-04-09,66,Female,B+,24.6,"32/88, Manne",562002,Osteoporosis,99,62
3685,3686,P3686-7507-1,Hiran Vala,1975-07-10,50,Male,AB+,25.4,"034, Sur Road",560102,Osteoporosis,107,33
3686,3687,P3687-7102-2,Jayan Ganesh,1971-02-20,54,Female,A+,22.1,"H.No. 05, Jani Circle",561009,Sleep Apnea,74,59
3687,3688,P3688-8212-2,Raunak Varughese,1982-12-11,42,Female,O+,27.3,"15
Sodhi Chowk",561002,Dementia,126,52
3688,3689,P3689-9911-1,Gatik Ratti,1999-11-26,25,Male,B+,19.0,"55/58
Goel Circle",570005,Healthy,43,75
3689,3690,P3690-9309-2,Aarav Gara,1993-09-08,31,Female,O+,26.9,"H.No. 139, Bhat Street",572008,Gout,122,98
3690,3691,P3691-9103-2,Adah Bajaj,1991-03-29,34,Female,B+,24.7,"H.No. 69, Kant Nagar",560012,Epilepsy,100,12
3691,3692,P3692-8309-2,Neysa Dass,1983-09-30,41,Female,AB+,24.2,"12/19, Choudhry Nagar",560017,Hypertension,95,17
3692,3693,P3693-4204-2,Arnav Sundaram,1942-04-19,83,Female,A-,24.5,"00
Zachariah Chowk",560009,Healthy,98,9
3693,3694,P3694-7612-1,Jayan Tailor,1976-12-27,48,Male,AB+,21.8,"02/54
Vaidya Road",560011,Depression,71,11
3694,3695,P3695-7003-2,Piya Raja,1970-03-28,55,Female,B+,23.4,"H.No. 386, Kannan Chowk",560108,Heart Disease,87,39
3695,3696,P3696-6810-1,Taran Sarraf,1968-10-20,56,Male,B+,24.4,"49
Ben Zila",562008,Osteoporosis,97,68
3696,3697,P3697-9609-2,Divyansh Ahluwalia,1996-09-14,28,Female,O+,24.9,"63
Sachdeva Marg",560003,Osteoporosis,102,3
3697,3698,P3698-5310-2,Tara Ganesh,1953-10-31,71,Female,B+,25.7,"70/888, Ghosh Road",560012,Dementia,110,12
3698,3699,P3699-5609-2,Madhav Mahajan,1956-09-09,68,Female,O+,26.2,"08/87, Ray Street",560022,Diabetes,115,22
3699,3700,P3700-5701-2,Dhanush Gara,1957-01-02,68,Female,O+,20.0,"36, Gupta Nagar",571007,Sleep Apnea,53,87
3700,3701,P3701-5011-2,Advik Shanker,1950-11-26,74,Female,B+,25.3,"H.No. 697
Baral Ganj",561008,Healthy,106,58
3701,3702,P3702-9312-2,Taran Kanda,1993-12-07,31,Female,O+,23.4,"80, Dewan Ganj",560101,Dementia,87,32
3702,3703,P3703-7811-2,Farhan Keer,1978-11-20,46,Female,O-,23.8,"39/943
Din Ganj",560016,Dementia,91,16
3703,3704,P3704-9411-1,Miraan Deshpande,1994-11-16,30,Male,O+,28.5,"63/744
Gara Path",560023,Depression,138,23
3704,3705,P3705-0207-1,Rhea Anand,2002-07-15,22,Male,B+,25.9,"H.No. 999
Keer Chowk",572001,Diabetes,112,91
3705,3706,P3706-6705-1,Gatik Choudhary,1967-05-18,58,Male,O+,24.3,"387
Madan Nagar",571005,Gout,96,85
3706,3707,P3707-6303-2,Jivika Rajagopalan,1963-03-29,62,Female,B-,25.7,"258, Wali Road",560206,Depression,110,47
3707,3708,P3708-7305-2,Bhavin Buch,1973-05-22,52,Female,B+,22.9,"965, Varkey Street",560005,Epilepsy,82,5
3708,3709,P3709-7404-1,Piya Chahal,1974-04-25,51,Male,A-,25.5,"H.No. 75
Chauhan Ganj",560010,Gout,108,10
3709,3710,P3710-9806-1,Nitya Rattan,1998-06-05,27,Male,O+,23.6,"07, Keer Marg",561009,Osteoporosis,89,59
3710,3711,P3711-5903-2,Akarsh Bhargava,1959-03-26,66,Female,A+,25.4,"H.No. 130, Sandal Street",571003,Dementia,107,83
3711,3712,P3712-7112-1,Biju Dhillon,1971-12-02,53,Male,O+,22.5,"219
Saha Circle",560010,Sleep Apnea,78,10
3712,3713,P3713-4211-1,Zoya Dasgupta,1942-11-14,82,Male,B+,23.7,"H.No. 33, Halder Path",572006,Osteoporosis,90,96
3713,3714,P3714-6202-2,Elakshi Savant,1962-02-21,63,Female,O-,25.3,"78/38, Datta Zila",560006,Hypertension,106,6
3714,3715,P3715-6209-2,Biju Badal,1962-09-07,62,Female,A+,23.7,"00/873, Vohra Marg",560006,Depression,90,6
3715,3716,P3716-8709-2,Jayesh Singh,1987-09-09,37,Female,O+,23.2,"19/340
Hayre",561009,Depression,85,59
3716,3717,P3717-7108-2,Alia Char,1971-08-11,53,Female,A+,23.2,"H.No. 252, Chaudhari Ganj",570008,Sleep Apnea,85,78
3717,3718,P3718-5306-2,Sara Kaul,1953-06-29,72,Female,A+,25.7,"224, Garg",570010,Epilepsy,110,80
3718,3719,P3719-0505-2,Miraya Anand,2005-05-15,20,Female,B+,22.1,"01/737, Bajaj Circle",560201,Epilepsy,74,42
3719,3720,P3720-9005-2,Umang Kar,1990-05-24,35,Female,A-,18.8,"75/532, Konda Path",560100,Healthy,41,31
3720,3721,P3721-7312-1,Zara Apte,1973-12-01,51,Male,O-,21.0,"19/753, Edwin Zila",572003,Hypertension,63,93
3721,3722,P3722-9011-1,Nitya Balay,1990-11-24,34,Male,B-,23.9,"31/528
Bal Street",562003,Diabetes,92,63
3722,3723,P3723-8707-2,Dhanush Rajan,1987-07-06,38,Female,A+,22.5,"44/06, Savant Chowk",571002,Dementia,78,82
3723,3724,P3724-9005-1,Elakshi Sarin,1990-05-23,35,Male,O-,22.9,"94
Solanki Zila",570007,Asthma,82,77
3724,3725,P3725-6506-2,Ishaan Dyal,1965-06-04,60,Female,O+,23.1,"41, Koshy Street",560100,Healthy,84,31
3725,3726,P3726-7409-1,Mamooty Deo,1974-09-16,50,Male,A-,21.4,"H.No. 956, Aurora Marg",560001,Dementia,67,1
3726,3727,P3727-9807-1,Urvi Sen,1998-07-25,26,Male,O-,22.5,"H.No. 923
Cheema Chowk",560019,Epilepsy,78,19
3727,3728,P3728-8404-2,Ivan Vohra,1984-04-14,41,Female,A-,24.6,"64/040
Sehgal Circle",560023,Heart Disease,99,23
3728,3729,P3729-5007-1,Lakshit Varkey,1950-07-29,74,Male,O+,22.7,"470, Boase Road",572003,Asthma,80,93
3729,3730,P3730-7401-1,Riaan Kumer,1974-01-25,51,Male,B+,26.6,"05/27
Toor Marg",562010,Sleep Apnea,119,70
3730,3731,P3731-5207-1,Yakshit Samra,1952-07-11,73,Male,O+,23.6,"H.No. 433, Suresh Street",562006,Sleep Apnea,89,66
3731,3732,P3732-4501-2,Vivaan Gole,1945-01-10,80,Female,B+,19.4,"30, Trivedi Path",571007,Osteoporosis,47,87
3732,3733,P3733-4101-2,Ela Dass,1941-01-26,84,Female,O+,24.1,"23/325
Karnik Zila",560207,Gout,94,48
3733,3734,P3734-6502-2,Gokul Balasubramanian,1965-02-21,60,Female,B+,22.4,"H.No. 95, Mallick Marg",570007,Healthy,77,77
3734,3735,P3735-9806-2,Vanya Bhatt,1998-06-07,27,Female,AB+,22.5,"H.No. 95, Dara Chowk",570002,Dementia,78,72
3735,3736,P3736-6109-1,Hridaan Hayer,1961-09-01,63,Male,O+,22.6,"367
Gole Nagar",570003,Dementia,79,73
3736,3737,P3737-4501-2,Yuvaan Bajwa,1945-01-02,80,Female,A+,22.6,"H.No. 323, Gandhi Circle",572010,Dementia,79,100
3737,3738,P3738-7706-1,Ayesha Grewal,1977-06-08,48,Male,A-,25.7,"712, Banerjee Path",560002,Hypertension,110,2
3738,3739,P3739-7402-1,Tiya Lala,1974-02-18,51,Male,A+,21.5,"19/38, Jayaraman Marg",562002,Healthy,68,62
3739,3740,P3740-8711-2,Adah Mani,1987-11-13,37,Female,B-,26.2,"00/13, Bhatt Chowk",560018,Osteoporosis,115,18
3740,3741,P3741-0002-2,Shalv Sarkar,2000-02-17,25,Female,O+,24.7,"39/038
Basu Nagar",560103,Diabetes,100,34
3741,3742,P3742-0512-2,Tarini Kota,2005-12-02,19,Female,O+,27.2,"21/91
Kaul Circle",562003,Depression,125,63
3742,3743,P3743-6207-2,Madhup Goyal,1962-07-22,62,Female,O-,23.4,"H.No. 841
Mannan Circle",560109,Healthy,87,40
3743,3744,P3744-0409-2,Aarav Mahal,2004-09-13,20,Female,O+,23.9,"H.No. 22
Jha Nagar",560102,Heart Disease,92,33
3744,3745,P3745-5309-1,Eva Raja,1953-09-01,71,Male,B+,24.0,"717, Gole Marg",571010,Healthy,93,90
3745,3746,P3746-0309-2,Aaina Ahluwalia,2003-09-19,21,Female,B+,22.7,"93, Gole Road",562007,Osteoporosis,80,67
3746,3747,P3747-4308-1,Neysa Chawla,1943-08-06,81,Male,O+,22.4,"H.No. 443, Wadhwa Street",570004,Heart Disease,77,74
3747,3748,P3748-7105-2,Mohanlal Bhat,1971-05-17,54,Female,O+,27.2,"H.No. 700
Dixit Road",561003,Osteoporosis,125,53
3748,3749,P3749-9911-2,Rohan Buch,1999-11-19,25,Female,O-,26.2,"445
Garde Road",562008,Dementia,115,68
3749,3750,P3750-7902-2,Bhavin Varkey,1979-02-21,46,Female,A+,25.4,"635
Ram Zila",560106,Sleep Apnea,107,37
3750,3751,P3751-9103-2,Tara Ratta,1991-03-11,34,Female,O+,21.8,"13/98, Sangha Path",561005,Hypertension,71,55
3751,3752,P3752-6201-1,Amani Hora,1962-01-26,63,Male,AB+,25.4,"H.No. 414, Dugar",561001,Gout,107,51
3752,3753,P3753-7402-1,Oorja Bose,1974-02-05,51,Male,O+,21.4,"305
Dugar Path",561005,Osteoporosis,67,55
3753,3754,P3754-5801-2,Lavanya Dalal,1958-01-23,67,Female,B+,21.7,"672
Ramaswamy Chowk",562005,Heart Disease,70,65
3754,3755,P3755-5908-1,Purab Rastogi,1959-08-03,65,Male,O+,24.2,"H.No. 05
Khurana Road",562002,Hypertension,95,62
3755,3756,P3756-5812-1,Emir Chad,1958-12-23,66,Male,O+,23.7,"28/90
Saini Nagar",560022,Diabetes,90,22
3756,3757,P3757-9410-2,Kartik Warrior,1994-10-01,30,Female,B+,21.9,"73/773
Kale Street",571010,Gout,72,90
3757,3758,P3758-7501-1,Urvi Divan,1975-01-19,50,Male,O+,21.9,"00/263, Khosla Road",560101,Diabetes,72,32
3758,3759,P3759-4804-2,Gatik Bhatnagar,1948-04-12,77,Female,AB+,26.2,"H.No. 01
Konda Ganj",560004,Healthy,115,4
3759,3760,P3760-7610-1,Kaira Din,1976-10-05,48,Male,B+,21.6,"98/83, Sanghvi Ganj",560014,Healthy,69,14
3760,3761,P3761-7312-1,Emir Tata,1973-12-02,51,Male,B+,24.1,"660, Viswanathan Ganj",560201,Hypertension,94,42
3761,3762,P3762-9702-2,Mohanlal Sem,1997-02-23,28,Female,A+,21.5,"87/673, Dhawan Street",561001,Osteoporosis,68,51
3762,3763,P3763-7807-1,Himmat Agate,1978-07-11,47,Male,AB+,27.2,"86/848, Bakshi Road",560009,Gout,125,9
3763,3764,P3764-7608-2,Sumer Tata,1976-08-03,48,Female,B+,22.9,"H.No. 732, Rout Zila",560006,Asthma,82,6
3764,3765,P3765-6112-2,Taran Kashyap,1961-12-20,63,Female,A-,22.8,"H.No. 456, Bains Nagar",561002,Depression,81,52
3765,3766,P3766-7708-1,Myra Balasubramanian,1977-08-17,47,Male,O+,25.0,"H.No. 95, Chaudhary Nagar",560203,Hypertension,103,44
3766,3767,P3767-9303-1,Aarav Madan,1993-03-22,32,Male,A+,21.6,"459, Loyal Zila",560010,Osteoporosis,69,10
3767,3768,P3768-9505-2,Eshani Desai,1995-05-02,30,Female,A-,21.0,"808, Sandal",571008,Diabetes,63,88
3768,3769,P3769-9407-2,Anaya Upadhyay,1994-07-25,30,Female,A+,28.2,"82, Golla Chowk",561003,Osteoporosis,135,53
3769,3770,P3770-8007-2,Anika Sagar,1980-07-31,44,Female,B+,23.7,"39/981, Swamy Path",560004,Dementia,90,4
3770,3771,P3771-5803-1,Zoya Bhatt,1958-03-25,67,Male,B+,20.9,"H.No. 47
Chaudhuri Marg",572008,Epilepsy,62,98
3771,3772,P3772-9705-2,Anika Kale,1997-05-11,28,Female,A+,26.1,"H.No. 349
Soni Path",560100,Depression,114,31
3772,3773,P3773-9902-2,Damini Kumar,1999-02-14,26,Female,O-,22.1,"93/547
Jani Street",571003,Depression,74,83
3773,3774,P3774-9206-2,Suhana Agate,1992-06-16,33,Female,O+,23.9,"575
Barad Street",560014,Osteoporosis,92,14
3774,3775,P3775-8807-2,Anay Kamdar,1988-07-12,36,Female,A-,26.8,"H.No. 985, Mallick Marg",572006,Dementia,121,96
3775,3776,P3776-8003-1,Kaira Saran,1980-03-20,45,Male,O+,23.4,"15/06, Shan Chowk",560011,Gout,87,11
3776,3777,P3777-4209-1,Damini Ramesh,1942-09-18,82,Male,O+,24.0,"293, Dubey Street",572001,Heart Disease,93,91
3777,3778,P3778-4009-2,Dhruv Bedi,1940-09-14,84,Female,A+,19.7,"094, Choudhary Street",560005,Healthy,50,5
3778,3779,P3779-4908-1,Indranil Bhat,1949-08-30,75,Male,B+,24.6,"60/836, Viswanathan Ganj",571005,Asthma,99,85
3779,3780,P3780-7802-1,Dishani Aggarwal,1978-02-14,47,Male,O+,26.5,"35/78, Bir Street",560016,Depression,118,16
3780,3781,P3781-5301-1,Aayush Chhabra,1953-01-30,72,Male,B-,19.6,"H.No. 09
Sibal Road",572002,Hypertension,49,92
3781,3782,P3782-4503-1,Zoya Vig,1945-03-21,80,Male,O+,22.8,"46/638
Bajaj Chowk",562002,Sleep Apnea,81,62
3782,3783,P3783-0507-2,Pari Gokhale,2005-07-09,19,Female,AB+,23.9,"726, Bassi",572002,Diabetes,92,92
3783,3784,P3784-8012-2,Emir Sawhney,1980-12-18,44,Female,B+,24.7,"H.No. 16
Buch Marg",572005,Osteoporosis,100,95
3784,3785,P3785-7906-1,Vanya Bhatt,1979-06-05,46,Male,B+,26.3,"11/315, Bassi Ganj",560029,Dementia,116,29
3785,3786,P3786-7509-1,Aaina Keer,1975-09-23,49,Male,O+,19.5,"H.No. 156, Bava Path",560103,Sleep Apnea,48,34
3786,3787,P3787-7312-2,Aayush Tandon,1973-12-02,51,Female,B-,22.3,"258, Toor Road",572004,Healthy,76,94
3787,3788,P3788-4811-1,Tarini Sha,1948-11-18,76,Male,O+,20.6,"H.No. 315
Arora Path",572006,Hypertension,59,96
3788,3789,P3789-4103-2,Damini Brar,1941-03-02,84,Female,B-,25.2,"H.No. 315, Kurian Road",572002,Healthy,105,92
3789,3790,P3790-8303-2,Divyansh Dave,1983-03-27,42,Female,O+,23.0,"H.No. 67
Keer Marg",572008,Hypertension,83,98
3790,3791,P3791-0108-2,Anaya Sampath,2001-08-03,23,Female,O-,24.5,"93, Doctor Zila",572010,Diabetes,98,100
3791,3792,P3792-7406-2,Vardaniya Balay,1974-06-28,51,Female,B-,25.5,"H.No. 772, Varkey Marg",560029,Osteoporosis,108,29
3792,3793,P3793-4411-2,Nitya Cherian,1944-11-21,80,Female,A-,26.1,"828, Chana Marg",560207,Gout,114,48
3793,3794,P3794-4603-1,Romil Wable,1946-03-08,79,Male,O+,25.3,"H.No. 90, Basu Road",560019,Asthma,106,19
3794,3795,P3795-9005-2,Badal Chaudhry,1990-05-16,35,Female,O+,23.3,"387, Seshadri Nagar",560002,Epilepsy,86,2
3795,3796,P3796-5802-2,Diya Kari,1958-02-13,67,Female,O+,31.0,"11/27
Choudhury Ganj",572010,Epilepsy,163,100
3796,3797,P3797-4606-1,Kiara Chaudhuri,1946-06-14,79,Male,O+,23.2,"H.No. 640
Mander Marg",570008,Heart Disease,85,78
3797,3798,P3798-9307-1,Purab Kalla,1993-07-29,31,Male,O+,23.7,"495, Chaudhary Circle",561001,Osteoporosis,90,51
3798,3799,P3799-0504-2,Advik Dora,2005-04-22,20,Female,B+,24.2,"55/746, Loyal Zila",571001,Depression,95,81
3799,3800,P3800-9905-2,Vedika Hans,1999-05-07,26,Female,A+,24.7,"H.No. 315, Tata Circle",560007,Dementia,100,7
3800,3801,P3801-6810-1,Ira Kumar,1968-10-26,56,Male,O+,22.7,"68/109, Chokshi",560003,Sleep Apnea,80,3
3801,3802,P3802-4403-2,Jayan Kalla,1944-03-05,81,Female,A-,23.9,"10, Shanker",571007,Sleep Apnea,92,87
3802,3803,P3803-5812-1,Elakshi Tella,1958-12-13,66,Male,A+,23.7,"94, Raval Road",560207,Asthma,90,48
3803,3804,P3804-6001-1,Armaan Brahmbhatt,1960-01-23,65,Male,O+,22.1,"140
Choudhury Nagar",560013,Depression,74,13
3804,3805,P3805-9405-1,Raunak Manda,1994-05-12,31,Male,O-,22.0,"05/417
Acharya Marg",560027,Hypertension,73,27
3805,3806,P3806-8505-1,Kabir Viswanathan,1985-05-17,40,Male,B-,24.0,"H.No. 13, Comar",560200,Diabetes,93,41
3806,3807,P3807-9808-1,Piya Halder,1998-08-28,26,Male,B-,25.5,"H.No. 11, Loyal",561004,Osteoporosis,108,54
3807,3808,P3808-6802-2,Ryan Ahuja,1968-02-20,57,Female,O+,25.8,"030, Shere Zila",560107,Heart Disease,111,38
3808,3809,P3809-0305-2,Alisha Bhavsar,2003-05-30,22,Female,O-,21.9,"H.No. 508
Chad Chowk",560208,Healthy,72,49
3809,3810,P3810-7612-2,Raghav Saran,1976-12-16,48,Female,O+,23.4,"H.No. 925, Kari Nagar",572005,Gout,87,95
3810,3811,P3811-8202-1,Purab Kumer,1982-02-16,43,Male,B+,22.3,"11
Sidhu",562007,Depression,76,67
3811,3812,P3812-4810-1,Ishita Lal,1948-10-16,76,Male,O+,22.3,"H.No. 827, Amble Chowk",560026,Asthma,76,26
3812,3813,P3813-7912-1,Diya Chaudry,1979-12-01,45,Male,A+,24.5,"14/84, Cherian Road",572008,Diabetes,98,98
3813,3814,P3814-8207-1,Biju Kanda,1982-07-05,43,Male,B-,25.7,"80/806
Dhingra Path",561008,Asthma,110,58
3814,3815,P3815-9807-1,Heer Sarraf,1998-07-20,26,Male,A+,22.5,"H.No. 903
Shukla Nagar",560105,Diabetes,78,36
3815,3816,P3816-0301-1,Nakul Chand,2003-01-22,22,Male,B-,25.2,"99/80
Choudhry Zila",560011,Epilepsy,105,11
3816,3817,P3817-4601-2,Anay Yadav,1946-01-22,79,Female,A+,24.6,"22/69
Kamdar Path",570002,Dementia,99,72
3817,3818,P3818-4309-1,Ira Shenoy,1943-09-06,81,Male,A+,20.7,"H.No. 25
Khanna Ganj",560012,Asthma,60,12
3818,3819,P3819-9609-2,Anahi Sahota,1996-09-08,28,Female,O+,20.6,"64/72
Acharya Zila",560001,Diabetes,59,1
3819,3820,P3820-0303-2,Vivaan Bhattacharyya,2003-03-05,22,Female,A-,23.1,"920
Gulati Zila",560108,Gout,84,39
3820,3821,P3821-6705-2,Taimur Tiwari,1967-05-27,58,Female,O-,21.0,"79
Sachdeva Circle",560209,Osteoporosis,63,50
3821,3822,P3822-7207-1,Samaira Dhar,1972-07-02,53,Male,O+,27.6,"53/13
Goel Chowk",570010,Sleep Apnea,129,80
3822,3823,P3823-6707-2,Dhruv Varty,1967-07-23,57,Female,B+,23.0,"H.No. 194
Varma Marg",561003,Depression,83,53
3823,3824,P3824-6304-2,Divij Ben,1963-04-27,62,Female,O+,21.8,"H.No. 52, Rajagopalan Circle",560101,Depression,71,32
3824,3825,P3825-4103-1,Amani Raval,1941-03-22,84,Male,O-,25.0,"45/514, Reddy Road",560029,Osteoporosis,103,29
3825,3826,P3826-6004-1,Yuvraj  Sangha,1960-04-16,65,Male,O+,25.0,"84/22, Kadakia Road",562003,Asthma,103,63
3826,3827,P3827-7610-2,Farhan Tak,1976-10-14,48,Female,A+,26.7,"H.No. 510
Lad Road",560016,Epilepsy,120,16
3827,3828,P3828-9901-2,Pari Biswas,1999-01-04,26,Female,O+,19.0,"85, Goel",572001,Heart Disease,43,91
3828,3829,P3829-7109-2,Nishith Singhal,1971-09-22,53,Female,O+,23.6,"H.No. 76, Sarkar",560207,Gout,89,48
3829,3830,P3830-6812-1,Vidur Kibe,1968-12-14,56,Male,O+,25.6,"93/35, Ganesh Nagar",560005,Gout,109,5
3830,3831,P3831-0003-2,Vihaan Bali,2000-03-28,25,Female,O+,23.3,"22/015, Chokshi Zila",561001,Depression,86,51
3831,3832,P3832-8509-1,Zara Dani,1985-09-13,39,Male,O+,24.4,"99, Sem Ganj",561010,Osteoporosis,97,60
3832,3833,P3833-7807-1,Umang Contractor,1978-07-22,46,Male,O-,23.6,"46/41
Bajaj Road",570010,Heart Disease,89,80
3833,3834,P3834-8503-1,Priyansh Bandi,1985-03-02,40,Male,O+,23.4,"H.No. 28, Wason Circle",572009,Asthma,87,99
3834,3835,P3835-0112-2,Anya Vaidya,2001-12-06,23,Female,A+,23.2,"H.No. 000
Wable Nagar",570004,Sleep Apnea,85,74
3835,3836,P3836-9212-2,Indranil Karpe,1992-12-25,32,Female,B-,25.6,"50
Chowdhury Marg",571009,Diabetes,109,89
3836,3837,P3837-4806-2,Aradhya Dani,1948-06-18,77,Female,B+,23.2,"H.No. 32, Wable Path",572009,Epilepsy,85,99
3837,3838,P3838-5302-1,Divit Sami,1953-02-28,72,Male,O+,22.0,"546, Kaul Circle",560207,Asthma,73,48
3838,3839,P3839-6008-2,Rati Mander,1960-08-19,64,Female,O+,21.4,"88/44, Iyer Ganj",570007,Epilepsy,67,77
3839,3840,P3840-8410-1,Navya Dara,1984-10-17,40,Male,A+,25.2,"82
Dayal Marg",560103,Sleep Apnea,105,34
3840,3841,P3841-5402-2,Dharmajan Walla,1954-02-24,71,Female,O+,23.8,"65/68
Sundaram Road",571004,Healthy,91,84
3841,3842,P3842-5004-1,Anya Shere,1950-04-09,75,Male,O+,26.1,"68/60
Sodhi Marg",562009,Gout,114,69
3842,3843,P3843-0306-1,Bhavin Dubey,2003-06-01,22,Male,B+,22.5,"10/70
Tandon Path",560030,Osteoporosis,78,30
3843,3844,P3844-6404-2,Khushi Sami,1964-04-07,61,Female,O-,22.5,"H.No. 84
Grover Road",572005,Depression,78,95
3844,3845,P3845-5711-1,Manikya Sabharwal,1957-11-26,67,Male,O+,19.0,"63, Kumar Path",562009,Epilepsy,43,69
3845,3846,P3846-8603-1,Advika Sarna,1986-03-22,39,Male,A+,22.0,"51/994, Som Road",560021,Heart Disease,73,21
3846,3847,P3847-7408-1,Mehul Ratta,1974-08-12,50,Male,A+,28.8,"08/311, Vyas Path",570006,Healthy,141,76
3847,3848,P3848-5312-2,Faiyaz Mander,1953-12-09,71,Female,B+,19.5,"36, Sathe Road",560022,Asthma,48,22
3848,3849,P3849-9607-1,Priyansh Hayer,1996-07-03,29,Male,O+,26.4,"H.No. 931
Luthra Zila",560209,Sleep Apnea,117,50
3849,3850,P3850-5005-2,Nayantara Chaudhry,1950-05-22,75,Female,O+,22.6,"H.No. 764, Dixit Marg",562009,Asthma,79,69
3850,3851,P3851-9506-1,Advik Hari,1995-06-07,30,Male,O+,25.8,"362
Shetty Road",572003,Dementia,111,93
3851,3852,P3852-6208-2,Chirag Behl,1962-08-22,62,Female,O-,25.5,"255
Butala Path",560209,Sleep Apnea,108,50
3852,3853,P3853-8310-2,Abram Zachariah,1983-10-08,41,Female,A+,25.5,"092
Dora Chowk",560108,Diabetes,108,39
3853,3854,P3854-4601-2,Khushi Bhatt,1946-01-03,79,Female,A+,23.4,"51/78, Ghosh Zila",560004,Epilepsy,87,4
3854,3855,P3855-4901-1,Mannat Jha,1949-01-05,76,Male,A+,21.9,"60, Loke Chowk",561002,Diabetes,72,52
3855,3856,P3856-7110-1,Miraya Borde,1971-10-13,53,Male,O+,24.3,"H.No. 326
Dhar Road",561006,Hypertension,96,56
3856,3857,P3857-8202-1,Umang Mall,1982-02-05,43,Male,O+,22.9,"H.No. 843, Borah Path",560204,Epilepsy,82,45
3857,3858,P3858-7502-2,Tiya Khalsa,1975-02-09,50,Female,O+,22.9,"H.No. 011, Kari Road",572007,Dementia,82,97
3858,3859,P3859-5905-2,Miraya D’Alia,1959-05-14,66,Female,B+,22.9,"23/70
Salvi Circle",560023,Depression,82,23
3859,3860,P3860-6505-2,Ritvik Swaminathan,1965-05-03,60,Female,O+,23.6,"H.No. 40
Chada Road",560021,Asthma,89,21
3860,3861,P3861-7704-1,Ivana Hora,1977-04-28,48,Male,O+,22.9,"17/68, Sane Nagar",572006,Heart Disease,82,96
3861,3862,P3862-4404-1,Saira Sant,1944-04-11,81,Male,O+,24.6,"70/543
Gandhi Chowk",561005,Depression,99,55
3862,3863,P3863-8104-1,Tiya Sidhu,1981-04-09,44,Male,O+,22.9,"H.No. 234, Shere Road",560022,Diabetes,82,22
3863,3864,P3864-8810-1,Kartik Gala,1988-10-12,36,Male,A+,23.8,"826, Ray Chowk",572005,Gout,91,95
3864,3865,P3865-9311-2,Neelofar Comar,1993-11-24,31,Female,O+,24.2,"H.No. 041, Sant Street",570008,Healthy,95,78
3865,3866,P3866-8408-2,Ishaan Shetty,1984-08-27,40,Female,B+,25.2,"H.No. 73
Rajagopal Chowk",570002,Epilepsy,105,72
3866,3867,P3867-4004-1,Vidur Chand,1940-04-03,85,Male,B+,22.4,"H.No. 63
Khare Chowk",560027,Hypertension,77,27
3867,3868,P3868-6405-1,Lakshit Hayre,1964-05-16,61,Male,A+,23.0,"15
Kapoor Road",560015,Hypertension,83,15
3868,3869,P3869-7510-2,Advika Vasa,1975-10-15,49,Female,O+,25.4,"H.No. 02
Ben Road",562003,Osteoporosis,107,63
3869,3870,P3870-7908-2,Hazel Varma,1979-08-09,45,Female,O+,22.7,"40/180
Tara Road",571007,Diabetes,80,87
3870,3871,P3871-8701-2,Tiya Thaman,1987-01-17,38,Female,B+,23.4,"H.No. 432
Ravi Street",560029,Osteoporosis,87,29
3871,3872,P3872-6806-1,Siya Srinivasan,1968-06-23,57,Male,O+,23.6,"82, Goyal Ganj",572003,Depression,89,93
3872,3873,P3873-8805-2,Sara Vala,1988-05-11,37,Female,O+,21.8,"97
Bose Street",572003,Heart Disease,71,93
3873,3874,P3874-9904-2,Neysa Loyal,1999-04-03,26,Female,O+,23.8,"09/22
Boase Path",572005,Gout,91,95
3874,3875,P3875-4312-2,Jivin Subramaniam,1943-12-06,81,Female,B-,24.6,"H.No. 080
Boase Street",572005,Gout,99,95
3875,3876,P3876-6508-2,Indrans Dhaliwal,1965-08-17,59,Female,O-,23.0,"H.No. 898
Deep Circle",560016,Osteoporosis,83,16
3876,3877,P3877-0309-2,Siya Jani,2003-09-17,21,Female,B+,26.9,"58/417
Gandhi Circle",560020,Heart Disease,122,20
3877,3878,P3878-7805-1,Mishti Ahuja,1978-05-28,47,Male,A+,22.5,"H.No. 14
Vohra Path",572003,Epilepsy,78,93
3878,3879,P3879-5702-1,Aaina Sahni,1957-02-11,68,Male,O+,22.6,"47
Majumdar Nagar",562001,Heart Disease,79,61
3879,3880,P3880-8012-1,Samar Dani,1980-12-23,44,Male,O+,19.7,"891, Shetty Nagar",562007,Heart Disease,50,67
3880,3881,P3881-6707-2,Kartik Bhasin,1967-07-15,58,Female,A-,23.5,"H.No. 28
Dora Nagar",572001,Healthy,88,91
3881,3882,P3882-5804-2,Ryan Vyas,1958-04-28,67,Female,AB+,25.0,"21/14
Srinivas Marg",560013,Osteoporosis,103,13
3882,3883,P3883-5603-2,Lagan Ratta,1956-03-01,69,Female,AB+,22.9,"864
Sangha Street",560207,Sleep Apnea,82,48
3883,3884,P3884-7005-1,Amira Shukla,1970-05-19,55,Male,O-,23.8,"495
Goel Nagar",560009,Healthy,91,9
3884,3885,P3885-9711-2,Vritika Hans,1997-11-23,27,Female,B+,24.9,"H.No. 963
Savant Street",562005,Asthma,102,65
3885,3886,P3886-9009-1,Ayesha Chaudhary,1990-09-04,34,Male,O+,23.2,"60/32, Handa Marg",560014,Diabetes,85,14
3886,3887,P3887-9607-2,Pranay Aurora,1996-07-22,28,Female,O+,24.2,"282, Boase",560003,Hypertension,95,3
3887,3888,P3888-6509-1,Romil Khatri,1965-09-22,59,Male,A+,25.0,"75/87, Mahal Path",562005,Depression,103,65
3888,3889,P3889-7611-2,Taimur Balan,1976-11-24,48,Female,O+,22.1,"70/39, Golla",560200,Dementia,74,41
3889,3890,P3890-4407-2,Kaira Vohra,1944-07-22,80,Female,A+,23.9,"80, Krishna Ganj",572006,Hypertension,92,96
3890,3891,P3891-7011-1,Ela Borde,1970-11-08,54,Male,O+,23.2,"85/02
Magar Circle",560105,Sleep Apnea,85,36
3891,3892,P3892-6703-1,Vidur Gandhi,1967-03-02,58,Male,O-,23.9,"69/99, Ramakrishnan Nagar",562001,Diabetes,92,61
3892,3893,P3893-8405-1,Tara Tak,1984-05-15,41,Male,O-,26.3,"H.No. 722, Jayaraman Zila",561004,Healthy,116,54
3893,3894,P3894-4607-1,Tejas Wali,1946-07-24,78,Male,O+,26.9,"85/25
Mannan Road",562007,Gout,122,67
3894,3895,P3895-8005-1,Armaan Doshi,1980-05-24,45,Male,O+,24.7,"12
Bumb Circle",560025,Depression,100,25
3895,3896,P3896-7601-1,Shamik Cheema,1976-01-21,49,Male,A+,27.2,"57/16
Ranganathan Nagar",560023,Gout,125,23
3896,3897,P3897-8708-1,Myra Maharaj,1987-08-22,37,Male,O+,25.8,"H.No. 774
Krishnamurthy Street",561010,Gout,111,60
3897,3898,P3898-5404-1,Armaan Hari,1954-04-08,71,Male,B+,22.1,"93/191
Iyengar Path",560208,Healthy,74,49
3898,3899,P3899-5307-1,Keya Date,1953-07-15,72,Male,AB+,22.5,"H.No. 60, Upadhyay Road",572010,Healthy,78,100
3899,3900,P3900-8605-1,Tushar Chad,1986-05-10,39,Male,B-,24.7,"H.No. 77
Bobal Circle",570009,Osteoporosis,100,79
3900,3901,P3901-8707-1,Bhavin Mangat,1987-07-09,38,Male,B+,23.0,"34/42
Ramesh Street",560027,Healthy,83,27
3901,3902,P3902-9609-1,Amani Varma,1996-09-30,28,Male,O+,23.6,"H.No. 21
Kant Zila",560102,Asthma,89,33
3902,3903,P3903-4804-1,Nirvaan Vig,1948-04-08,77,Male,O+,23.9,"57
Bumb Ganj",560206,Heart Disease,92,47
3903,3904,P3904-9104-1,Arhaan Lad,1991-04-25,34,Male,A+,20.7,"H.No. 565, Sharaf Marg",560017,Dementia,60,17
3904,3905,P3905-6807-2,Kismat Ratta,1968-07-09,57,Female,O+,25.4,"H.No. 989
Salvi Circle",560010,Healthy,107,10
3905,3906,P3906-0009-2,Rania Ben,2000-09-16,24,Female,A+,22.0,"H.No. 286
Sankaran Road",561001,Dementia,73,51
3906,3907,P3907-6103-1,Sumer Bala,1961-03-05,64,Male,O-,24.5,"374, Kata Ganj",560201,Depression,98,42
3907,3908,P3908-9012-1,Prerak Khatri,1990-12-08,34,Male,O+,22.2,"44/77
Deshpande",560206,Sleep Apnea,75,47
3908,3909,P3909-4206-2,Akarsh Lad,1942-06-30,83,Female,AB+,21.3,"H.No. 82, Swamy",560107,Asthma,66,38
3909,3910,P3910-6911-2,Mohanlal Rajagopal,1969-11-26,55,Female,B+,22.0,"26
Taneja Marg",560200,Depression,73,41
3910,3911,P3911-0307-1,Indrans Handa,2003-07-15,21,Male,B+,25.3,"67/132
Hari Circle",570009,Hypertension,106,79
3911,3912,P3912-7903-2,Tanya Shah,1979-03-07,46,Female,O+,23.7,"H.No. 200
Vora Street",571003,Dementia,90,83
3912,3913,P3913-9506-1,Dhruv Kapoor,1995-06-26,30,Male,B-,26.0,"638, Rajagopal Zila",571005,Diabetes,113,85
3913,3914,P3914-9801-2,Kabir Sachdeva,1998-01-21,27,Female,AB+,21.8,"H.No. 091, Verma Path",560009,Asthma,71,9
3914,3915,P3915-6106-2,Ojas Sundaram,1961-06-21,64,Female,O+,20.0,"128, Saxena Nagar",572005,Hypertension,53,95
3915,3916,P3916-6708-1,Vaibhav Gopal,1967-08-03,57,Male,B-,22.5,"96/73, Deshmukh Ganj",560030,Osteoporosis,78,30
3916,3917,P3917-6104-1,Vivaan Kata,1961-04-29,64,Male,O-,24.8,"720, Char",571008,Depression,101,88
3917,3918,P3918-6908-2,Ishita Bhatia,1969-08-04,55,Female,O+,24.0,"70/963
Kothari Path",560109,Hypertension,93,40
3918,3919,P3919-7102-2,Navya Dube,1971-02-20,54,Female,A+,21.7,"58, Malhotra Street",560002,Osteoporosis,70,2
3919,3920,P3920-9301-1,Abram Gade,1993-01-15,32,Male,O-,26.5,"272
Dyal Nagar",561007,Dementia,118,57
3920,3921,P3921-8302-1,Vihaan Johal,1983-02-19,42,Male,A+,23.8,"02/575, Dar Road",570002,Depression,91,72
3921,3922,P3922-5302-2,Arhaan Saxena,1953-02-25,72,Female,A+,22.7,"46/612
Bhasin",561010,Healthy,80,60
3922,3923,P3923-4102-1,Vardaniya Tailor,1941-02-18,84,Male,B+,24.3,"89/70, Butala Path",562003,Healthy,96,63
3923,3924,P3924-6208-2,Ranbir D’Alia,1962-08-14,62,Female,B+,25.0,"69, Khatri Zila",560006,Hypertension,103,6
3924,3925,P3925-7102-1,Renee Karnik,1971-02-11,54,Male,O-,26.3,"H.No. 473
Deol Path",572009,Osteoporosis,116,99
3925,3926,P3926-9401-1,Mohanlal Chhabra,1994-01-31,31,Male,B+,24.8,"H.No. 30, Bhattacharyya Street",561004,Osteoporosis,101,54
3926,3927,P3927-9607-2,Vedika Bhalla,1996-07-08,29,Female,O+,25.3,"440
Khalsa Street",560100,Depression,106,31
3927,3928,P3928-7005-1,Kartik Datta,1970-05-17,55,Male,B-,25.8,"04/022, Chander Circle",571003,Gout,111,83
3928,3929,P3929-4812-2,Fateh Chaudhuri,1948-12-14,76,Female,O-,22.8,"72/54, Kamdar Circle",570007,Heart Disease,81,77
3929,3930,P3930-6012-1,Adira Virk,1960-12-06,64,Male,O-,22.9,"H.No. 45, Goel Ganj",560005,Depression,82,5
3930,3931,P3931-4108-2,Shanaya Chahal,1941-08-09,83,Female,A+,21.9,"H.No. 62
Gade Street",571006,Gout,72,86
3931,3932,P3932-8512-1,Kimaya Rana,1985-12-17,39,Male,O-,23.4,"62/628, Handa Circle",560008,Depression,87,8
3932,3933,P3933-7007-2,Indranil Hayre,1970-07-10,55,Female,O+,24.2,"H.No. 311
Choudhury Ganj",572006,Osteoporosis,95,96
3933,3934,P3934-7605-1,Mishti Venkataraman,1976-05-10,49,Male,A+,21.1,"H.No. 04
Rana Path",560207,Healthy,64,48
3934,3935,P3935-7003-2,Shlok Ray,1970-03-28,55,Female,B+,27.0,"20, Rajagopalan Ganj",570001,Epilepsy,123,71
3935,3936,P3936-0509-1,Ivan Thaker,2005-09-30,19,Male,O+,21.6,"H.No. 38, Raval",560026,Osteoporosis,69,26
3936,3937,P3937-9504-1,Stuvan Bains,1995-04-04,30,Male,O+,21.0,"H.No. 62
Ranganathan Street",572009,Depression,63,99
3937,3938,P3938-6111-2,Divij Dora,1961-11-30,63,Female,B-,23.4,"920
Suri Street",570010,Gout,87,80
3938,3939,P3939-7311-2,Tushar Balakrishnan,1973-11-13,51,Female,O-,26.7,"75/418
Dixit Circle",570003,Sleep Apnea,120,73
3939,3940,P3940-6302-1,Yasmin Gupta,1963-02-15,62,Male,O+,21.3,"72
Mandal Ganj",570008,Heart Disease,66,78
3940,3941,P3941-5405-1,Neysa Dhar,1954-05-28,71,Male,O+,19.9,"H.No. 468
Goswami",560010,Gout,52,10
3941,3942,P3942-8201-1,Raghav Rana,1982-01-12,43,Male,B+,25.8,"641
Apte Marg",560006,Sleep Apnea,111,6
3942,3943,P3943-9004-2,Priyansh Wagle,1990-04-22,35,Female,B+,24.4,"51/399
Deol Ganj",560207,Depression,97,48
3943,3944,P3944-7205-1,Samarth Shetty,1972-05-09,53,Male,O+,22.6,"49, Sridhar Path",560009,Depression,79,9
3944,3945,P3945-8408-1,Suhana Kale,1984-08-09,40,Male,O-,20.8,"H.No. 726, Dara Path",560022,Diabetes,61,22
3945,3946,P3946-9608-1,Nakul Sheth,1996-08-09,28,Male,A-,24.2,"101, Baria Chowk",560016,Dementia,95,16
3946,3947,P3947-0002-1,Indrans Lall,2000-02-08,25,Male,A-,22.6,"19
Tandon Chowk",560101,Asthma,79,32
3947,3948,P3948-8701-1,Urvi Arya,1987-01-08,38,Male,O+,22.2,"H.No. 087, Sastry Road",572008,Depression,75,98
3948,3949,P3949-5707-2,Suhana Srinivas,1957-07-24,67,Female,O+,26.1,"50/63
Jhaveri Road",560207,Heart Disease,114,48
3949,3950,P3950-5909-2,Nakul Mandal,1959-09-15,65,Female,A-,23.5,"31/616
Ghosh Road",570003,Asthma,88,73
3950,3951,P3951-6312-1,Alia Banerjee,1963-12-11,61,Male,AB+,26.1,"37, Lata",561003,Hypertension,114,53
3951,3952,P3952-4401-1,Purab Mand,1944-01-31,81,Male,B+,21.6,"285
Dayal Circle",572007,Healthy,69,97
3952,3953,P3953-6510-2,Onkar Edwin,1965-10-11,59,Female,B+,23.8,"10
Tak Circle",560006,Healthy,91,6
3953,3954,P3954-9010-2,Ehsaan Gupta,1990-10-29,34,Female,B+,23.4,"65
Issac Street",560010,Sleep Apnea,87,10
3954,3955,P3955-8505-1,Dishani Chana,1985-05-12,40,Male,B-,24.5,"74/30, Kapoor Nagar",571008,Depression,98,88
3955,3956,P3956-5912-1,Tejas Saraf,1959-12-01,65,Male,O+,23.1,"338
Tak",560015,Diabetes,84,15
3956,3957,P3957-7804-1,Mishti Thaman,1978-04-10,47,Male,B+,26.7,"23/97, Bhavsar Road",561009,Healthy,120,59
3957,3958,P3958-7904-1,Nakul Chandra,1979-04-03,46,Male,O+,25.4,"79/051
Kakar Road",571009,Depression,107,89
3958,3959,P3959-5502-1,Samar Iyengar,1955-02-27,70,Male,O+,24.7,"82/772
Banerjee Ganj",560011,Osteoporosis,100,11
3959,3960,P3960-7607-1,Divyansh Kibe,1976-07-22,48,Male,A+,23.5,"035
Dugar Chowk",562006,Depression,88,66
3960,3961,P3961-5808-2,Saanvi Bajaj,1958-08-13,66,Female,B-,23.9,"H.No. 43, Seth",572008,Osteoporosis,92,98
3961,3962,P3962-5401-1,Renee Dixit,1954-01-28,71,Male,O+,20.3,"H.No. 014, Raval Zila",560205,Dementia,56,46
3962,3963,P3963-8402-1,Vidur Baria,1984-02-26,41,Male,A+,23.5,"97, Bhandari Path",570001,Hypertension,88,71
3963,3964,P3964-9504-1,Madhup Tata,1995-04-06,30,Male,A+,20.1,"31/90, Krishnamurthy Street",570004,Hypertension,54,74
3964,3965,P3965-0504-1,Nitya Mannan,2005-04-04,20,Male,O-,22.8,"058, Wadhwa Circle",572005,Epilepsy,81,95
3965,3966,P3966-7105-1,Shray Loyal,1971-05-03,54,Male,B+,21.8,"01
Deep Zila",571001,Heart Disease,71,81
3966,3967,P3967-4503-1,Akarsh Anand,1945-03-11,80,Male,A+,21.3,"37/80, Brar Street",561001,Osteoporosis,66,51
3967,3968,P3968-6809-1,Adira Khatri,1968-09-19,56,Male,O-,22.8,"H.No. 100
Apte Road",562008,Depression,81,68
3968,3969,P3969-8303-2,Shanaya Sandal,1983-03-26,42,Female,O+,22.0,"31, Babu Path",562004,Osteoporosis,73,64
3969,3970,P3970-7403-1,Yasmin Bhatti,1974-03-07,51,Male,O+,25.2,"H.No. 66
Rana Zila",560017,Dementia,105,17
3970,3971,P3971-8103-2,Azad Malhotra,1981-03-24,44,Female,AB+,27.5,"H.No. 915, Buch Zila",560008,Healthy,128,8
3971,3972,P3972-7803-1,Rania Ramachandran,1978-03-04,47,Male,O+,24.0,"86/482
Chokshi Circle",560004,Asthma,93,4
3972,3973,P3973-8809-1,Aarush Kala,1988-09-17,36,Male,A-,22.0,"68/720, Dey Road",571006,Sleep Apnea,73,86
3973,3974,P3974-0407-1,Myra Amble,2004-07-17,20,Male,A+,20.4,"H.No. 66, Sekhon Street",561006,Diabetes,57,56
3974,3975,P3975-0309-2,Lakshit Chand,2003-09-04,21,Female,B+,25.0,"37/603, Venkatesh Nagar",570010,Hypertension,103,80
3975,3976,P3976-0507-1,Nitya Zachariah,2005-07-28,19,Male,B+,23.2,"35/542, Soman Circle",560017,Sleep Apnea,85,17
3976,3977,P3977-4604-2,Samar Kunda,1946-04-25,79,Female,O-,23.3,"78, Ganguly Ganj",560007,Sleep Apnea,86,7
3977,3978,P3978-5607-1,Nayantara Bath,1956-07-11,69,Male,A-,21.9,"H.No. 62
Sandal",570010,Gout,72,80
3978,3979,P3979-5701-2,Gokul Dhillon,1957-01-22,68,Female,A-,24.4,"H.No. 33
Dhar Marg",571005,Osteoporosis,97,85
3979,3980,P3980-7911-1,Reyansh Tara,1979-11-30,45,Male,B-,23.2,"84
Yogi Marg",572005,Gout,85,95
3980,3981,P3981-6205-2,Dharmajan Dugar,1962-05-14,63,Female,B+,23.0,"38/26
Ganesh Road",560010,Diabetes,83,10
3981,3982,P3982-5806-2,Lakshay Sunder,1958-06-29,67,Female,B+,26.2,"844
Sane Chowk",562005,Diabetes,115,65
3982,3983,P3983-6507-1,Ahana  Bhargava,1965-07-17,59,Male,A+,22.6,"H.No. 802, Krish Nagar",561007,Gout,79,57
3983,3984,P3984-5905-1,Ojas Manne,1959-05-10,66,Male,O-,21.7,"609, Edwin Road",560004,Healthy,70,4
3984,3985,P3985-9302-1,Saira Singh,1993-02-21,32,Male,B+,20.0,"H.No. 87, Sarma",572008,Hypertension,53,98
3985,3986,P3986-4809-2,Nirvi Bora,1948-09-19,76,Female,A+,23.5,"H.No. 042
Seth",560015,Depression,88,15
3986,3987,P3987-9412-1,Neelofar Dutt,1994-12-28,30,Male,AB-,24.0,"19/58, Din Zila",560012,Depression,93,12
3987,3988,P3988-5902-1,Samarth Raman,1959-02-17,66,Male,B+,26.0,"H.No. 93
Zacharia Path",560100,Hypertension,113,31
3988,3989,P3989-4906-1,Aaina Dara,1949-06-09,76,Male,B+,24.2,"H.No. 83
Ratta",561001,Depression,95,51
3989,3990,P3990-9010-2,Gokul Chacko,1990-10-10,34,Female,B+,28.0,"749, Samra Circle",571001,Asthma,133,81
3990,3991,P3991-4801-1,Anahita Solanki,1948-01-09,77,Male,O+,21.3,"44/06
Bhandari Path",562010,Diabetes,66,70
3991,3992,P3992-4311-1,Samaira Ramesh,1943-11-04,81,Male,O+,25.9,"23/720
Kibe Street",560106,Asthma,112,37
3992,3993,P3993-8510-1,Tanya Wason,1985-10-24,39,Male,AB-,24.9,"H.No. 73, Dasgupta Path",560011,Gout,102,11
3993,3994,P3994-8109-2,Samaira Vyas,1981-09-25,43,Female,A+,22.5,"479
Toor Circle",560105,Osteoporosis,78,36
3994,3995,P3995-8009-1,Aaina Dara,1980-09-24,44,Male,AB+,22.1,"00
Ganguly Zila",560200,Epilepsy,74,41
3995,3996,P3996-4706-1,Mahika Badami,1947-06-23,78,Male,AB+,22.3,"71/48, Raj Zila",571009,Epilepsy,76,89
3996,3997,P3997-9907-2,Yashvi Kapoor,1999-07-18,25,Female,O+,23.7,"47
Sangha Street",560004,Depression,90,4
3997,3998,P3998-9008-1,Farhan Borah,1990-08-24,34,Male,A+,24.0,"55
Bobal Road",570002,Asthma,93,72
3998,3999,P3999-8806-2,Kaira Jayaraman,1988-06-16,37,Female,AB+,26.7,"H.No. 83
Baria Path",561005,Asthma,120,55
3999,4000,P4000-7211-1,Gatik Chauhan,1972-11-08,52,Male,A+,23.7,"29, Sant Road",560021,Diabetes,90,21
4000,4001,P4001-9103-2,Farhan Walla,1991-03-21,34,Female,O+,22.1,"68, Khalsa",562008,Diabetes,74,68
4001,4002,P4002-8003-1,Mamooty Baral,1980-03-31,45,Male,O+,24.4,"H.No. 569
Wason Marg",560001,Sleep Apnea,97,1
4002,4003,P4003-9210-1,Vanya Das,1992-10-03,32,Male,B-,22.8,"52/024
Ravel Chowk",571010,Hypertension,81,90
4003,4004,P4004-8306-2,Taimur Shetty,1983-06-21,42,Female,A-,23.1,"H.No. 095, Virk",560104,Diabetes,84,35
4004,4005,P4005-9204-2,Hiran Raj,1992-04-10,33,Female,O+,24.2,"H.No. 764, Brahmbhatt Street",561001,Healthy,95,51
4005,4006,P4006-5208-1,Ivana Dubey,1952-08-15,72,Male,O+,23.1,"H.No. 27, Deol",560021,Hypertension,84,21
4006,4007,P4007-4903-1,Emir Batta,1949-03-21,76,Male,AB+,25.6,"95/399
Bains Road",560006,Diabetes,109,6
4007,4008,P4008-7004-2,Dharmajan Contractor,1970-04-17,55,Female,A+,23.8,"20/33
Kalla Street",560206,Depression,91,47
4008,4009,P4009-7904-2,Tara Basu,1979-04-28,46,Female,O+,29.1,"689, Sankaran",560108,Diabetes,144,39
4009,4010,P4010-9703-1,Mohanlal Kota,1997-03-25,28,Male,A-,25.8,"10/631
Johal Street",561009,Healthy,111,59
4010,4011,P4011-4011-2,Kavya Sama,1940-11-12,84,Female,A+,25.3,"H.No. 36, Lanka Zila",560016,Gout,106,16
4011,4012,P4012-7606-2,Anika Sanghvi,1976-06-20,49,Female,B+,23.7,"H.No. 623, Swamy Zila",561005,Asthma,90,55
4012,4013,P4013-9608-1,Samaira Tata,1996-08-22,28,Male,B+,22.4,"85, Savant Nagar",560023,Heart Disease,77,23
4013,4014,P4014-9911-1,Aayush Bhargava,1999-11-29,25,Male,AB+,26.1,"37/56, Sankar Street",560017,Osteoporosis,114,17
4014,4015,P4015-8305-2,Eshani Shah,1983-05-20,42,Female,O+,22.5,"H.No. 932, Datta Road",560022,Asthma,78,22
4015,4016,P4016-8908-1,Armaan Srinivas,1989-08-21,35,Male,B+,23.1,"35/397, Wable Path",572006,Sleep Apnea,84,96
4016,4017,P4017-5608-2,Zain Deo,1956-08-21,68,Female,A-,21.6,"991
Basu Road",560105,Dementia,69,36
4017,4018,P4018-9111-1,Vedika Shan,1991-11-12,33,Male,O-,22.4,"66/18
Balasubramanian Marg",560108,Gout,77,39
4018,4019,P4019-4607-1,Neysa Master,1946-07-02,79,Male,AB+,25.3,"95/950, Behl Zila",560025,Hypertension,106,25
4019,4020,P4020-8210-1,Nirvi Magar,1982-10-11,42,Male,A+,23.4,"236
Karnik Road",560029,Diabetes,87,29
4020,4021,P4021-4309-1,Anya Ganesh,1943-09-20,81,Male,O+,24.3,"H.No. 472, Ben Marg",572007,Osteoporosis,96,97
4021,4022,P4022-5109-1,Saanvi Rajagopal,1951-09-12,73,Male,A+,20.9,"50, Sekhon Street",562003,Gout,62,63
4022,4023,P4023-6309-1,Tiya Mandal,1963-09-01,61,Male,A-,25.2,"20/576, Ghosh",560205,Sleep Apnea,105,46
4023,4024,P4024-7106-1,Krish Kari,1971-06-23,54,Male,A+,24.3,"H.No. 693
Srinivas Street",560209,Hypertension,96,50
4024,4025,P4025-5509-1,Hiran Bhattacharyya,1955-09-15,69,Male,A-,21.7,"367
De Road",560102,Epilepsy,70,33
4025,4026,P4026-8003-1,Saira Warrior,1980-03-05,45,Male,AB+,23.2,"03
Walia Ganj",560026,Hypertension,85,26
4026,4027,P4027-7802-1,Seher Sanghvi,1978-02-10,47,Male,A-,21.6,"381, Srinivas Circle",561007,Healthy,69,57
4027,4028,P4028-7310-2,Siya Gera,1973-10-10,51,Female,B+,22.7,"12/12
Sane Nagar",560026,Diabetes,80,26
4028,4029,P4029-8204-1,Kimaya Desai,1982-04-13,43,Male,O+,28.1,"53/81, Mall Zila",561006,Epilepsy,134,56
4029,4030,P4030-5312-2,Rati Jain,1953-12-02,71,Female,B+,25.2,"H.No. 73
Saxena",562009,Dementia,105,69
4030,4031,P4031-5307-2,Ritvik Khalsa,1953-07-17,72,Female,A+,18.8,"H.No. 944
Bumb Zila",571006,Asthma,41,86
4031,4032,P4032-4102-2,Lagan Ratta,1941-02-08,84,Female,O+,27.2,"H.No. 793, Bose Street",570009,Gout,125,79
4032,4033,P4033-8105-2,Onkar Goda,1981-05-22,44,Female,A+,18.8,"68/36, Deshpande",560011,Epilepsy,41,11
4033,4034,P4034-6806-2,Baiju Hayre,1968-06-08,57,Female,A+,25.2,"243, Khalsa Street",570010,Diabetes,105,80
4034,4035,P4035-4702-1,Romil Jhaveri,1947-02-05,78,Male,O-,24.8,"34
Dhar Ganj",560107,Sleep Apnea,101,38
4035,4036,P4036-0502-2,Jivika Gara,2005-02-01,20,Female,O+,22.1,"76
Kadakia Circle",572009,Epilepsy,74,99
4036,4037,P4037-5005-1,Hiran Ganguly,1950-05-01,75,Male,A+,25.0,"20
Dutt Ganj",572001,Heart Disease,103,91
4037,4038,P4038-8604-2,Kavya Gade,1986-04-15,39,Female,B+,24.0,"08/633, Saxena Circle",560005,Osteoporosis,93,5
4038,4039,P4039-5808-2,Alia Khare,1958-08-02,66,Female,B+,19.9,"55/464
Talwar Street",560024,Dementia,52,24
4039,4040,P4040-8105-2,Urvi Gera,1981-05-24,44,Female,O+,27.8,"H.No. 493, Grover Path",560027,Diabetes,131,27
4040,4041,P4041-0310-2,Vihaan Jayaraman,2003-10-02,21,Female,AB+,25.3,"57/317, Subramaniam Ganj",572010,Hypertension,106,100
4041,4042,P4042-6907-1,Mohanlal Raman,1969-07-10,56,Male,A+,19.9,"60, Jani Zila",560023,Sleep Apnea,52,23
4042,4043,P4043-5307-1,Renee Chawla,1953-07-04,72,Male,O+,28.3,"58/04, Kara Path",560104,Dementia,136,35
4043,4044,P4044-6410-1,Hiran Ganesan,1964-10-20,60,Male,O+,26.0,"H.No. 19
Solanki",560103,Healthy,113,34
4044,4045,P4045-7507-1,Ayesha Loyal,1975-07-14,50,Male,A+,19.0,"37/80, Chandran",560205,Sleep Apnea,43,46
4045,4046,P4046-8501-2,Anaya Sarna,1985-01-27,40,Female,B-,22.9,"64/550, Verma Street",562005,Depression,82,65
4046,4047,P4047-4405-1,Aniruddh Jaggi,1944-05-19,81,Male,B+,23.0,"337
Bhattacharyya Street",562001,Diabetes,83,61
4047,4048,P4048-8405-1,Yuvraj  Zacharia,1984-05-13,41,Male,B+,24.3,"H.No. 735, Boase Circle",560204,Gout,96,45
4048,4049,P4049-6007-2,Kaira Lanka,1960-07-06,65,Female,O+,22.2,"H.No. 32, Shetty Marg",560204,Depression,75,45
4049,4050,P4050-9309-1,Bhamini Walla,1993-09-10,31,Male,O+,25.2,"76
Dora",572005,Sleep Apnea,105,95
4050,4051,P4051-5607-2,Shlok Hora,1956-07-22,68,Female,O+,26.2,"H.No. 924
Lad Marg",560201,Depression,115,42
4051,4052,P4052-9004-2,Yashvi Mallick,1990-04-07,35,Female,B+,21.1,"97/05
Badami Path",560005,Sleep Apnea,64,5
4052,4053,P4053-6307-2,Onkar Wali,1963-07-11,62,Female,B+,24.5,"H.No. 421
Varghese Nagar",562008,Diabetes,98,68
4053,4054,P4054-4407-2,Riya Edwin,1944-07-04,81,Female,AB+,23.2,"72
Chakraborty Road",560014,Gout,85,14
4054,4055,P4055-4009-2,Indrans Srinivas,1940-09-21,84,Female,A+,25.9,"36
Karan Nagar",571003,Osteoporosis,112,83
4055,4056,P4056-6803-2,Nitya Dalal,1968-03-11,57,Female,O+,24.6,"206
Ranganathan",560015,Depression,99,15
4056,4057,P4057-0312-1,Abram Bhandari,2003-12-19,21,Male,A+,21.2,"01/861
Barad",560201,Dementia,65,42
4057,4058,P4058-5903-1,Nayantara Ravel,1959-03-27,66,Male,O+,21.5,"53/13, Magar Marg",570004,Epilepsy,68,74
4058,4059,P4059-9707-1,Inaaya  Wali,1997-07-31,27,Male,O+,25.1,"H.No. 614, Agate",561008,Osteoporosis,104,58
4059,4060,P4060-7309-2,Madhup Saini,1973-09-05,51,Female,B-,23.8,"12/97, Srinivasan Road",560008,Osteoporosis,91,8
4060,4061,P4061-8902-2,Ivan Mane,1989-02-02,36,Female,B+,23.5,"H.No. 511
Bajaj",571008,Dementia,88,88
4061,4062,P4062-4006-2,Pari Master,1940-06-14,85,Female,O+,23.3,"89/111, Shanker Street",562007,Diabetes,86,67
4062,4063,P4063-6403-1,Abram Chanda,1964-03-04,61,Male,A+,25.3,"745, Gola Street",570003,Healthy,106,73
4063,4064,P4064-6906-2,Jhanvi Dugal,1969-06-12,56,Female,A+,23.0,"46/27
Setty Road",560005,Hypertension,83,5
4064,4065,P4065-0012-1,Nirvaan Kala,2000-12-08,24,Male,B+,22.7,"H.No. 555
Ramaswamy Ganj",560011,Diabetes,80,11
4065,4066,P4066-5906-1,Eshani Cheema,1959-06-16,66,Male,O+,21.5,"H.No. 168, Swamy Path",560005,Diabetes,68,5
4066,4067,P4067-6207-1,Bhavin Ramachandran,1962-07-28,62,Male,A+,23.0,"72
Ben Ganj",560203,Gout,83,44
4067,4068,P4068-9905-1,Mehul Karpe,1999-05-10,26,Male,O+,24.9,"454
Dani Road",561004,Gout,102,54
4068,4069,P4069-4701-1,Mannat Joshi,1947-01-24,78,Male,B+,26.8,"73/83, Ghosh Path",560007,Osteoporosis,121,7
4069,4070,P4070-4412-1,Samiha Tandon,1944-12-30,80,Male,B+,26.5,"H.No. 385
Gour Road",560013,Hypertension,118,13
4070,4071,P4071-6407-1,Biju Gaba,1964-07-05,61,Male,B-,26.4,"991, Deo Street",560010,Depression,117,10
4071,4072,P4072-6805-1,Myra Buch,1968-05-02,57,Male,O+,23.6,"H.No. 649, Loyal Chowk",570005,Gout,89,75
4072,4073,P4073-6804-1,Kismat Mane,1968-04-10,57,Male,O-,20.9,"95
Sandal Road",560109,Asthma,62,40
4073,4074,P4074-7103-1,Jayan Dugal,1971-03-11,54,Male,B-,24.3,"88/94, Deo Marg",560016,Sleep Apnea,96,16
4074,4075,P4075-9712-1,Sahil Kapadia,1997-12-03,27,Male,B-,23.5,"71
Karnik Path",570001,Hypertension,88,71
4075,4076,P4076-9002-2,Alisha Raval,1990-02-20,35,Female,A+,21.0,"28
Deshpande Chowk",561008,Gout,63,58
4076,4077,P4077-7201-1,Veer Divan,1972-01-01,53,Male,A-,21.7,"04/54, Shetty Circle",561006,Depression,70,56
4077,4078,P4078-7409-1,Ira Rama,1974-09-01,50,Male,O+,27.6,"H.No. 10
Sule Marg",560026,Epilepsy,129,26
4078,4079,P4079-7303-2,Kiara Singhal,1973-03-02,52,Female,O+,26.5,"82
Ratti Street",560013,Dementia,118,13
4079,4080,P4080-6306-1,Aarna Bahl,1963-06-17,62,Male,O+,26.0,"23/57
Kamdar",560019,Asthma,113,19
4080,4081,P4081-8210-1,Ranbir Dass,1982-10-16,42,Male,B+,22.7,"33/329
Tandon Nagar",560013,Dementia,80,13
4081,4082,P4082-9006-2,Saanvi Deshpande,1990-06-22,35,Female,O+,26.4,"372
Savant Chowk",560206,Healthy,117,47
4082,4083,P4083-4503-1,Shanaya Bahri,1945-03-25,80,Male,A+,23.5,"H.No. 553
Edwin Nagar",560101,Epilepsy,88,32
4083,4084,P4084-0008-2,Myra Bhardwaj,2000-08-20,24,Female,A+,24.7,"059, Kumar Path",560102,Heart Disease,100,33
4084,4085,P4085-8703-2,Stuvan Lata,1987-03-04,38,Female,A+,23.8,"H.No. 127, Jani Zila",562001,Dementia,91,61
4085,4086,P4086-7610-2,Veer Ramanathan,1976-10-22,48,Female,O-,21.8,"726
Issac Marg",560023,Osteoporosis,71,23
4086,4087,P4087-7812-2,Badal Trivedi,1978-12-15,46,Female,B-,21.6,"57/33, Dara Chowk",560012,Healthy,69,12
4087,4088,P4088-5010-1,Zeeshan Mahajan,1950-10-04,74,Male,O-,20.8,"94/115
Lal Circle",572001,Depression,61,91
4088,4089,P4089-7203-1,Tushar Sanghvi,1972-03-26,53,Male,A+,24.8,"H.No. 249
Biswas Circle",560012,Epilepsy,101,12
4089,4090,P4090-6206-1,Ivan Thaman,1962-06-21,63,Male,B+,23.1,"H.No. 82
Sani Road",571007,Hypertension,84,87
4090,4091,P4091-9705-2,Samar Johal,1997-05-26,28,Female,B+,24.5,"H.No. 03, Lalla Nagar",560204,Hypertension,98,45
4091,4092,P4092-5703-1,Mohanlal Apte,1957-03-14,68,Male,A+,23.1,"19/38, Chadha Circle",572002,Depression,84,92
4092,4093,P4093-5708-1,Indrans Reddy,1957-08-29,67,Male,B+,22.8,"96/419
Bhatti Marg",562006,Osteoporosis,81,66
4093,4094,P4094-4111-2,Ivana Jha,1941-11-18,83,Female,O+,25.0,"H.No. 545
Bajwa Chowk",570003,Healthy,103,73
4094,4095,P4095-4604-1,Lagan Sankar,1946-04-19,79,Male,O+,19.8,"59/08
Chakrabarti Ganj",560105,Heart Disease,51,36
4095,4096,P4096-8804-2,Krish Hora,1988-04-28,37,Female,B+,22.2,"72/619, Swamy Circle",570010,Epilepsy,75,80
4096,4097,P4097-8810-1,Yasmin Thaman,1988-10-24,36,Male,O+,26.0,"405
Ramesh",560014,Osteoporosis,113,14
4097,4098,P4098-5409-1,Nayantara Kaul,1954-09-12,70,Male,O+,27.7,"55
Brar Road",572010,Sleep Apnea,130,100
4098,4099,P4099-0504-1,Vihaan Mahajan,2005-04-20,20,Male,A-,27.3,"34
Sarraf Nagar",560020,Asthma,126,20
4099,4100,P4100-8405-1,Rohan Bains,1984-05-13,41,Male,B+,24.1,"H.No. 918, Sagar Circle",572010,Healthy,94,100
4100,4101,P4101-6412-1,Eshani Mammen,1964-12-03,60,Male,AB+,24.1,"H.No. 814, Sachdev Ganj",562003,Heart Disease,94,63
4101,4102,P4102-8601-1,Mishti Chahal,1986-01-13,39,Male,O+,24.6,"H.No. 37, Dada Path",560030,Sleep Apnea,99,30
4102,4103,P4103-6011-1,Zoya Sankaran,1960-11-15,64,Male,B+,23.2,"295
Buch Chowk",570006,Epilepsy,85,76
4103,4104,P4104-7103-1,Pari Rana,1971-03-26,54,Male,O+,22.9,"37
Anne Street",560030,Hypertension,82,30
4104,4105,P4105-6809-1,Vardaniya Sundaram,1968-09-14,56,Male,O+,24.8,"10, Date Nagar",560011,Heart Disease,101,11
4105,4106,P4106-4803-2,Keya Mane,1948-03-03,77,Female,O-,25.6,"36/607
Suresh Road",560024,Gout,109,24
4106,4107,P4107-4306-1,Drishya Sahota,1943-06-20,82,Male,O-,25.9,"96/32, Gola Circle",562009,Healthy,112,69
4107,4108,P4108-5202-1,Kanav Bajwa,1952-02-10,73,Male,B+,24.9,"H.No. 388, Venkataraman Nagar",560202,Sleep Apnea,102,43
4108,4109,P4109-7304-2,Anaya Halder,1973-04-11,52,Female,B+,23.4,"H.No. 68, Anne Chowk",560030,Asthma,87,30
4109,4110,P4110-4011-1,Ehsaan Chacko,1940-11-22,84,Male,A+,20.6,"79/26, Bassi Chowk",560014,Healthy,59,14
4110,4111,P4111-4201-2,Faiyaz Bhagat,1942-01-09,83,Female,B-,24.3,"11
Borah Chowk",560106,Hypertension,96,37
4111,4112,P4112-6612-2,Amani Ganguly,1966-12-31,58,Female,O+,24.0,"562
Gade Circle",572006,Depression,93,96
4112,4113,P4113-0001-2,Mehul Venkataraman,2000-01-29,25,Female,O-,23.6,"H.No. 48, Dey Nagar",560108,Hypertension,89,39
4113,4114,P4114-4210-1,Vivaan Chandran,1942-10-25,82,Male,B+,20.7,"463
Dube Path",572003,Osteoporosis,60,93
4114,4115,P4115-8509-2,Vidur Solanki,1985-09-13,39,Female,AB-,24.2,"H.No. 429
Subramanian Path",572008,Healthy,95,98
4115,4116,P4116-8712-1,Riya Dave,1987-12-07,37,Male,O+,23.5,"H.No. 811, Chhabra Chowk",560016,Depression,88,16
4116,4117,P4117-5810-1,Adira Bir,1958-10-23,66,Male,B-,24.6,"05/491, Grewal Marg",572007,Hypertension,99,97
4117,4118,P4118-6308-2,Urvi Sankar,1963-08-06,61,Female,A+,24.2,"27/561
Wadhwa",560101,Heart Disease,95,32
4118,4119,P4119-8904-1,Dhanuk Bhasin,1989-04-27,36,Male,O+,29.6,"23/156, Tandon Circle",570001,Diabetes,149,71
4119,4120,P4120-6904-1,Farhan Ganesan,1969-04-25,56,Male,A+,23.3,"40/576, Sachdeva Nagar",561009,Sleep Apnea,86,59
4120,4121,P4121-4101-2,Bhamini Balasubramanian,1941-01-22,84,Female,A+,23.3,"H.No. 28, Dhaliwal Chowk",560013,Healthy,86,13
4121,4122,P4122-6805-1,Raunak Som,1968-05-23,57,Male,B+,25.4,"50
Gill Road",570010,Diabetes,107,80
4122,4123,P4123-5011-2,Tejas Shere,1950-11-24,74,Female,O+,24.8,"65/623, Talwar Circle",560005,Osteoporosis,101,5
4123,4124,P4124-8706-1,Vihaan Magar,1987-06-27,38,Male,A+,23.1,"099, Garde Chowk",561006,Sleep Apnea,84,56
4124,4125,P4125-0310-2,Nirvaan Bajaj,2003-10-10,21,Female,O+,23.5,"17
Bhasin Circle",560103,Healthy,88,34
4125,4126,P4126-9702-2,Oorja Ahuja,1997-02-23,28,Female,O+,26.7,"H.No. 349, Kumar Street",572003,Hypertension,120,93
4126,4127,P4127-8006-1,Anvi Banerjee,1980-06-04,45,Male,B+,22.3,"H.No. 58
Shankar",562008,Asthma,76,68
4127,4128,P4128-0304-1,Anika Sankaran,2003-04-11,22,Male,B+,25.1,"791, Bhasin Chowk",562006,Diabetes,104,66
4128,4129,P4129-0510-2,Pari Malhotra,2005-10-19,19,Female,O+,19.0,"355
Grewal Nagar",560009,Diabetes,43,9
4129,4130,P4130-4912-2,Neysa Uppal,1949-12-07,75,Female,A+,25.8,"58/401, Ramachandran Street",570004,Asthma,111,74
4130,4131,P4131-5903-2,Gatik Sankaran,1959-03-21,66,Female,B-,23.4,"07/59
Dara Chowk",561004,Osteoporosis,87,54
4131,4132,P4132-4805-1,Trisha Loke,1948-05-27,77,Male,B+,27.7,"H.No. 834
Chandran Street",572005,Epilepsy,130,95
4132,4133,P4133-6107-1,Zeeshan Gera,1961-07-06,64,Male,B+,24.4,"609
Mammen Marg",560200,Diabetes,97,41
4133,4134,P4134-5612-1,Samaira Sarkar,1956-12-02,68,Male,A+,24.2,"28
Basak Chowk",572006,Osteoporosis,95,96
4134,4135,P4135-6807-1,Damini Dutta,1968-07-07,57,Male,O+,22.8,"01/03
Khare Ganj",560016,Epilepsy,81,16
4135,4136,P4136-7512-1,Zain Date,1975-12-11,49,Male,O+,21.8,"H.No. 812
Tata Ganj",560108,Dementia,71,39
4136,4137,P4137-8409-1,Amani Lal,1984-09-10,40,Male,A+,20.6,"45/59, Maharaj Marg",561009,Epilepsy,59,59
4137,4138,P4138-6604-2,Drishya Kar,1966-04-07,59,Female,A+,22.5,"37
Chaudhuri Ganj",560016,Heart Disease,78,16
4138,4139,P4139-9203-2,Saanvi Sinha,1992-03-20,33,Female,O+,20.6,"16/68, Bhandari Nagar",560200,Sleep Apnea,59,41
4139,4140,P4140-7703-2,Eva Buch,1977-03-19,48,Female,A-,24.2,"98/02, Sabharwal Path",560109,Healthy,95,40
4140,4141,P4141-8403-2,Keya Saini,1984-03-29,41,Female,O+,24.9,"44/262
Halder Nagar",570004,Gout,102,74
4141,4142,P4142-9907-1,Priyansh Savant,1999-07-19,25,Male,B-,25.6,"698
Chaudhari Nagar",561007,Dementia,109,57
4142,4143,P4143-9905-1,Dishani Bail,1999-05-18,26,Male,A+,20.9,"H.No. 40, Grover Marg",560003,Healthy,62,3
4143,4144,P4144-9401-1,Prerak Bhatia,1994-01-30,31,Male,B+,26.8,"H.No. 84
Balan Road",562008,Asthma,121,68
4144,4145,P4145-7302-1,Baiju Walla,1973-02-21,52,Male,O-,22.6,"H.No. 42, Chaudry Zila",560102,Asthma,79,33
4145,4146,P4146-5010-1,Yakshit Goswami,1950-10-29,74,Male,A+,23.8,"H.No. 31, Bhatti Street",570008,Asthma,91,78
4146,4147,P4147-4504-2,Dhruv Manda,1945-04-06,80,Female,B-,24.2,"810, Bhasin",560104,Depression,95,35
4147,4148,P4148-8209-1,Jiya Gala,1982-09-26,42,Male,O+,25.5,"H.No. 59
Malhotra Chowk",570008,Gout,108,78
4148,4149,P4149-9704-2,Ranbir Borde,1997-04-16,28,Female,O+,24.4,"H.No. 81, Dugal Ganj",560202,Osteoporosis,97,43
4149,4150,P4150-8311-2,Mishti Chana,1983-11-02,41,Female,B+,23.3,"112
Thaman Marg",570007,Healthy,86,77
4150,4151,P4151-5111-1,Sana Walia,1951-11-02,73,Male,B+,25.4,"661, Hayre Marg",560105,Depression,107,36
4151,4152,P4152-6412-1,Myra Srivastava,1964-12-27,60,Male,O+,26.6,"H.No. 50, Mangat Nagar",560101,Dementia,119,32
4152,4153,P4153-8412-2,Biju Gandhi,1984-12-24,40,Female,O+,25.9,"65, Reddy Street",561007,Dementia,112,57
4153,4154,P4154-9104-1,Samar Bhavsar,1991-04-26,34,Male,B+,24.5,"H.No. 098
Shan Marg",562007,Sleep Apnea,98,67
4154,4155,P4155-8709-2,Ritvik Bumb,1987-09-26,37,Female,A+,23.2,"05/55, Jhaveri Marg",570001,Healthy,85,71
4155,4156,P4156-7308-2,Madhup Luthra,1973-08-11,51,Female,B+,22.8,"53/593
Bahl Path",572008,Healthy,81,98
4156,4157,P4157-4112-1,Faiyaz Srinivasan,1941-12-24,83,Male,O+,20.6,"H.No. 38, Gola Path",560028,Dementia,59,28
4157,4158,P4158-9406-2,Sana Mall,1994-06-01,31,Female,A+,22.6,"H.No. 493, Hayre Chowk",560028,Depression,79,28
4158,4159,P4159-7707-2,Adah Keer,1977-07-06,48,Female,O+,24.0,"657
Chakraborty Road",561010,Diabetes,93,60
4159,4160,P4160-7402-1,Gokul D’Alia,1974-02-20,51,Male,B+,23.2,"H.No. 773
Lall Ganj",560025,Dementia,85,25
4160,4161,P4161-5802-1,Tiya Shetty,1958-02-18,67,Male,B+,25.7,"H.No. 36, Gara Ganj",560016,Gout,110,16
4161,4162,P4162-7401-2,Kimaya Gill,1974-01-07,51,Female,O+,23.9,"619, Wagle Path",560023,Hypertension,92,23
4162,4163,P4163-5607-1,Urvi Gaba,1956-07-31,68,Male,A-,24.8,"14/141, Upadhyay Path",560028,Gout,101,28
4163,4164,P4164-7007-1,Faiyaz Sachar,1970-07-19,54,Male,A-,24.7,"82/11
Dutt Nagar",560206,Hypertension,100,47
4164,4165,P4165-4704-1,Gatik Khanna,1947-04-25,78,Male,O-,26.0,"H.No. 793
Yohannan Ganj",562006,Epilepsy,113,66
4165,4166,P4166-7712-1,Kashvi Anand,1977-12-05,47,Male,B+,25.9,"H.No. 400, Suri Ganj",570004,Healthy,112,74
4166,4167,P4167-0503-2,Samar Warrior,2005-03-09,20,Female,A+,21.8,"78/637, Dugar Circle",570001,Osteoporosis,71,71
4167,4168,P4168-6005-2,Gatik Ranganathan,1960-05-06,65,Female,O+,23.0,"H.No. 820, Karnik Marg",560002,Diabetes,83,2
4168,4169,P4169-6211-1,Rati Rege,1962-11-10,62,Male,O+,24.3,"H.No. 250
Buch Circle",561008,Osteoporosis,96,58
4169,4170,P4170-8904-2,Prisha Barad,1989-04-28,36,Female,AB+,22.0,"H.No. 426, Badami Marg",571009,Osteoporosis,73,89
4170,4171,P4171-6907-1,Anahita Gala,1969-07-22,55,Male,O+,23.9,"09/48, Anne Circle",572008,Healthy,92,98
4171,4172,P4172-4506-2,Yakshit Gala,1945-06-10,80,Female,O+,24.2,"27, Magar Chowk",560207,Epilepsy,95,48
4172,4173,P4173-9211-2,Samiha Shankar,1992-11-28,32,Female,O+,27.5,"952, Manda Path",570004,Gout,128,74
4173,4174,P4174-9302-2,Ivan Mannan,1993-02-13,32,Female,B-,28.1,"68, Singhal Road",561002,Sleep Apnea,134,52
4174,4175,P4175-6011-2,Madhup Kulkarni,1960-11-20,64,Female,B-,29.7,"H.No. 969, Raman Circle",560001,Hypertension,150,1
4175,4176,P4176-5202-1,Mamooty Basak,1952-02-12,73,Male,O-,25.9,"79/44
Chhabra Circle",571010,Dementia,112,90
4176,4177,P4177-7804-1,Shanaya Bhatia,1978-04-04,47,Male,O+,21.6,"H.No. 742, Sood Marg",572004,Osteoporosis,69,94
4177,4178,P4178-7107-2,Aradhya Goel,1971-07-11,54,Female,O+,27.2,"57
Bajaj Circle",561006,Hypertension,125,56
4178,4179,P4179-5610-1,Navya Desai,1956-10-12,68,Male,O+,26.1,"H.No. 298
Halder Circle",560102,Sleep Apnea,114,33
4179,4180,P4180-4908-2,Rati Deo,1949-08-21,75,Female,AB+,22.3,"H.No. 56
Divan Zila",570006,Sleep Apnea,76,76
4180,4181,P4181-5206-2,Zeeshan Banerjee,1952-06-08,73,Female,O+,26.0,"14/25
Bose Road",560206,Asthma,113,47
4181,4182,P4182-6706-1,Hazel Mammen,1967-06-04,58,Male,AB+,21.7,"13, Sen Chowk",560202,Healthy,70,43
4182,4183,P4183-5702-2,Darshit Deshmukh,1957-02-10,68,Female,O+,23.7,"16/487, Ganesan Path",571004,Epilepsy,90,84
4183,4184,P4184-9801-2,Devansh Bhakta,1998-01-14,27,Female,O+,24.0,"H.No. 45, Agarwal Ganj",560004,Asthma,93,4
4184,4185,P4185-9107-1,Reyansh Kanda,1991-07-21,33,Male,O+,21.8,"76/621
Gara Nagar",560018,Depression,71,18
4185,4186,P4186-9305-1,Pari Kapadia,1993-05-09,32,Male,B-,24.2,"798, Sule Road",562001,Diabetes,95,61
4186,4187,P4187-9206-1,Jayan Kapadia,1992-06-15,33,Male,A+,21.1,"87
Raja Ganj",560018,Hypertension,64,18
4187,4188,P4188-6912-2,Shanaya Rajagopalan,1969-12-23,55,Female,O+,24.0,"03/388, Batta Street",571004,Gout,93,84
4188,4189,P4189-6904-2,Chirag Chander,1969-04-06,56,Female,A+,24.4,"H.No. 269, Cherian Circle",570005,Hypertension,97,75
4189,4190,P4190-5010-2,Yuvaan Agarwal,1950-10-18,74,Female,O-,24.1,"H.No. 122, Dua Ganj",571002,Hypertension,94,82
4190,4191,P4191-9305-1,Elakshi Srinivas,1993-05-28,32,Male,A-,23.8,"58/201, Walia Circle",572004,Healthy,91,94
4191,4192,P4192-7207-1,Ryan Shah,1972-07-23,52,Male,O+,25.2,"19/06
Jani Marg",560003,Heart Disease,105,3
4192,4193,P4193-5602-2,Adah Khalsa,1956-02-13,69,Female,B-,27.4,"H.No. 981, Wable Nagar",571005,Sleep Apnea,127,85
4193,4194,P4194-4705-1,Priyansh Kara,1947-05-19,78,Male,O+,23.4,"H.No. 266
Sehgal Chowk",560008,Hypertension,87,8
4194,4195,P4195-9511-1,Khushi Sachar,1995-11-11,29,Male,A+,24.3,"H.No. 921, Subramanian",560025,Sleep Apnea,96,25
4195,4196,P4196-9907-1,Lakshay Dar,1999-07-26,25,Male,B+,22.6,"H.No. 411
Jani Marg",562002,Dementia,79,62
4196,4197,P4197-5208-1,Tejas Chahal,1952-08-17,72,Male,A+,25.6,"H.No. 62, Ravi Path",560015,Osteoporosis,109,15
4197,4198,P4198-7407-2,Ishita Barad,1974-07-26,50,Female,B-,24.8,"37/471
Bail Street",560209,Heart Disease,101,50
4198,4199,P4199-5010-2,Indranil Bajwa,1950-10-06,74,Female,O+,22.8,"H.No. 017, Shah Chowk",561004,Depression,81,54
4199,4200,P4200-9911-1,Myra Madan,1999-11-16,25,Male,O+,21.5,"55/26, Rajagopalan Road",560020,Healthy,68,20
4200,4201,P4201-4206-2,Inaaya  Mallick,1942-06-29,83,Female,O+,21.9,"33/64, Sibal Circle",562009,Diabetes,72,69
4201,4202,P4202-6805-1,Pihu Tak,1968-05-20,57,Male,O-,23.1,"70/115, Batra Street",571001,Dementia,84,81
4202,4203,P4203-0211-2,Navya Bora,2002-11-15,22,Female,A+,25.6,"39/39
Boase Road",560016,Sleep Apnea,109,16
4203,4204,P4204-7908-1,Anika Srivastava,1979-08-13,45,Male,O+,24.1,"49/113
Saini Nagar",560001,Diabetes,94,1
4204,4205,P4205-4701-1,Chirag Chopra,1947-01-09,78,Male,A+,25.3,"H.No. 576, Bal Road",560008,Dementia,106,8
4205,4206,P4206-8909-2,Jivika Chowdhury,1989-09-25,35,Female,O-,27.4,"H.No. 53, Kuruvilla Ganj",560019,Diabetes,127,19
4206,4207,P4207-0401-2,Amira Reddy,2004-01-26,21,Female,A+,21.3,"840
Sandal Path",571004,Healthy,66,84
4207,4208,P4208-7803-2,Kaira Bhatia,1978-03-03,47,Female,A+,24.0,"00/083, Dua Path",572010,Depression,93,100
4208,4209,P4209-0001-2,Zain Sethi,2000-01-28,25,Female,B-,27.1,"H.No. 167
Sandal Street",560105,Asthma,124,36
4209,4210,P4210-9208-2,Shamik Maharaj,1992-08-13,32,Female,AB+,23.3,"H.No. 55
Sehgal Road",562007,Dementia,86,67
4210,4211,P4211-0201-2,Rhea Sur,2002-01-22,23,Female,A+,24.3,"89, Saxena",560017,Dementia,96,17
4211,4212,P4212-5207-1,Amira Mann,1952-07-08,73,Male,O+,25.3,"68/539
Sidhu Path",560204,Sleep Apnea,106,45
4212,4213,P4213-4905-1,Ivana Dara,1949-05-09,76,Male,A-,24.7,"27/95
Anand Chowk",572003,Gout,100,93
4213,4214,P4214-6810-1,Lakshay Gopal,1968-10-21,56,Male,O+,24.8,"58, Bahl Chowk",560013,Healthy,101,13
4214,4215,P4215-4609-2,Kanav Bala,1946-09-20,78,Female,O-,27.6,"437, Chakrabarti Marg",560107,Asthma,129,38
4215,4216,P4216-4007-2,Uthkarsh Keer,1940-07-17,85,Female,A+,22.4,"43/189, Malhotra Circle",560202,Gout,77,43
4216,4217,P4217-9312-2,Divyansh Joshi,1993-12-29,31,Female,O+,26.9,"88/40, Chawla Street",560108,Dementia,122,39
4217,4218,P4218-7501-1,Akarsh Gala,1975-01-14,50,Male,A+,23.3,"844
Mallick Road",560011,Healthy,86,11
4218,4219,P4219-4411-2,Dhanush Mand,1944-11-19,80,Female,B+,24.6,"H.No. 90
Batta Path",560023,Osteoporosis,99,23
4219,4220,P4220-5704-2,Drishya Dara,1957-04-30,68,Female,A+,22.5,"44/72, Rajagopal",561001,Healthy,78,51
4220,4221,P4221-7701-2,Abram Varma,1977-01-18,48,Female,A+,20.9,"59/75
Korpal Chowk",562010,Osteoporosis,62,70
4221,4222,P4222-6108-2,Divit Bhatnagar,1961-08-26,63,Female,O-,23.2,"04/143, Iyer Road",562010,Epilepsy,85,70
4222,4223,P4223-7504-1,Anay Varkey,1975-04-19,50,Male,A+,25.0,"26/652, Dara Road",572009,Dementia,103,99
4223,4224,P4224-5602-1,Rania Bains,1956-02-22,69,Male,AB+,24.6,"H.No. 59, Lala Marg",561002,Gout,99,52
4224,4225,P4225-5712-1,Aaryahi Yogi,1957-12-06,67,Male,AB+,26.3,"00
Aurora",560005,Heart Disease,116,5
4225,4226,P4226-8010-1,Tanya Sagar,1980-10-11,44,Male,B+,24.2,"02/47, Banik Path",571003,Asthma,95,83
4226,4227,P4227-8901-1,Anaya Butala,1989-01-24,36,Male,O+,22.1,"H.No. 560, Raman Ganj",571010,Depression,74,90
4227,4228,P4228-7111-1,Anahi Kamdar,1971-11-12,53,Male,B+,22.9,"83
Chaudry Road",561009,Osteoporosis,82,59
4228,4229,P4229-0304-1,Parinaaz Ray,2003-04-20,22,Male,B+,24.7,"934, Ratta Street",560017,Diabetes,100,17
4229,4230,P4230-7112-2,Hiran Sule,1971-12-25,53,Female,B-,24.6,"H.No. 81
Badami Ganj",560104,Sleep Apnea,99,35
4230,4231,P4231-6612-1,Kimaya Kota,1966-12-05,58,Male,A+,24.3,"04/179, Mandal Circle",560017,Epilepsy,96,17
4231,4232,P4232-8004-2,Farhan Chakrabarti,1980-04-19,45,Female,A+,22.9,"326
Mangal Marg",560020,Depression,82,20
4232,4233,P4233-9607-1,Yuvraj  Bajwa,1996-07-03,29,Male,A+,26.2,"H.No. 792
Krishna Street",571008,Gout,115,88
4233,4234,P4234-4012-2,Indrajit Kanda,1940-12-22,84,Female,B+,21.8,"H.No. 407, Ben Zila",560100,Heart Disease,71,31
4234,4235,P4235-4004-2,Shanaya Chhabra,1940-04-14,85,Female,A+,24.9,"H.No. 205
Sahni Path",560205,Healthy,102,46
4235,4236,P4236-8710-1,Dhanush Suresh,1987-10-18,37,Male,A-,23.5,"231
Handa",571009,Healthy,88,89
4236,4237,P4237-4003-2,Riaan Srinivasan,1940-03-11,85,Female,AB+,24.9,"H.No. 42, Viswanathan Chowk",560104,Gout,102,35
4237,4238,P4238-4107-1,Romil Kumer,1941-07-15,84,Male,B+,23.6,"H.No. 059, Kannan Chowk",571005,Diabetes,89,85
4238,4239,P4239-8807-2,Biju Dora,1988-07-05,37,Female,B-,22.7,"00/976
Wagle",572006,Sleep Apnea,80,96
4239,4240,P4240-4001-1,Lagan Sathe,1940-01-18,85,Male,O+,24.4,"96/730, Bhattacharyya Chowk",562002,Healthy,97,62
4240,4241,P4241-7809-1,Lagan Hayer,1978-09-09,46,Male,A+,26.1,"151
Badal Chowk",562010,Hypertension,114,70
4241,4242,P4242-8305-2,Taimur Rao,1983-05-22,42,Female,AB+,23.0,"483
Randhawa",560106,Sleep Apnea,83,37
4242,4243,P4243-8503-1,Nitara Bhattacharyya,1985-03-08,40,Male,B+,21.5,"H.No. 049, Gade Road",560009,Hypertension,68,9
4243,4244,P4244-7212-2,Vanya Cherian,1972-12-05,52,Female,O+,26.7,"993
Sankaran Street",560015,Epilepsy,120,15
4244,4245,P4245-7505-2,Divit Chander,1975-05-25,50,Female,A+,26.5,"561
Gokhale Marg",560002,Sleep Apnea,118,2
4245,4246,P4246-7301-1,Aniruddh Divan,1973-01-10,52,Male,B+,22.1,"H.No. 450
Brar Circle",560200,Dementia,74,41
4246,4247,P4247-7109-1,Samarth Basak,1971-09-01,53,Male,O+,23.6,"495
Bahri Marg",572006,Hypertension,89,96
4247,4248,P4248-5106-1,Kabir Banik,1951-06-02,74,Male,A+,23.6,"78, Wali Chowk",562009,Osteoporosis,89,69
4248,4249,P4249-9905-2,Rati Mallick,1999-05-02,26,Female,O-,25.8,"H.No. 848
Hari Road",560201,Hypertension,111,42
4249,4250,P4250-4111-1,Bhamini Chana,1941-11-11,83,Male,A+,21.4,"63/65
Goswami Zila",560011,Heart Disease,67,11
4250,4251,P4251-6904-2,Alia Kala,1969-04-18,56,Female,O+,24.3,"20/67, Zachariah Road",560014,Diabetes,96,14
4251,4252,P4252-6211-2,Veer Tara,1962-11-14,62,Female,O+,22.1,"696
Bala Marg",560004,Depression,74,4
4252,4253,P4253-5712-1,Badal Sandhu,1957-12-07,67,Male,O+,22.8,"35/05
Kashyap Marg",560105,Dementia,81,36
4253,4254,P4254-0401-1,Rasha Madan,2004-01-06,21,Male,O+,27.4,"86/746
Sood",560204,Heart Disease,127,45
4254,4255,P4255-6401-1,Mohanlal Grover,1964-01-20,61,Male,B+,23.8,"76/81, Talwar",571008,Hypertension,91,88
4255,4256,P4256-8111-2,Madhup Gokhale,1981-11-17,43,Female,B+,24.2,"H.No. 72, Bora Nagar",561006,Osteoporosis,95,56
4256,4257,P4257-0102-1,Oorja Thaker,2001-02-02,24,Male,B+,22.3,"61/45
Biswas Zila",572007,Diabetes,76,97
4257,4258,P4258-8606-1,Neysa Bahl,1986-06-04,39,Male,A-,26.5,"32/23, Sanghvi Circle",570009,Depression,118,79
4258,4259,P4259-9402-2,Ela Luthra,1994-02-03,31,Female,B+,25.4,"28
Iyer Circle",560029,Asthma,107,29
4259,4260,P4260-5406-1,Mamooty Khatri,1954-06-19,71,Male,AB+,23.4,"H.No. 31, Konda Chowk",572009,Asthma,87,99
4260,4261,P4261-7512-2,Shray Thakur,1975-12-19,49,Female,A+,22.5,"99
Borde Road",561009,Asthma,78,59
4261,4262,P4262-9401-1,Faiyaz Hayer,1994-01-11,31,Male,O+,26.6,"H.No. 10
Kunda Road",570003,Healthy,119,73
4262,4263,P4263-8904-2,Parinaaz Solanki,1989-04-14,36,Female,O+,24.6,"594
Raja",560205,Diabetes,99,46
4263,4264,P4264-7603-1,Lavanya Khare,1976-03-03,49,Male,O-,23.8,"H.No. 255, Banerjee Circle",571005,Hypertension,91,85
4264,4265,P4265-9301-1,Myra Ahluwalia,1993-01-20,32,Male,B+,24.1,"25, Borah",560030,Healthy,94,30
4265,4266,P4266-7308-1,Madhav Kakar,1973-08-27,51,Male,A+,24.9,"18
Dixit Street",560105,Healthy,102,36
4266,4267,P4267-6610-2,Ritvik Sanghvi,1966-10-26,58,Female,O+,24.1,"45/056, Bedi Street",571007,Hypertension,94,87
4267,4268,P4268-5911-2,Nakul Ram,1959-11-11,65,Female,AB+,22.4,"92/867, Das Nagar",572007,Osteoporosis,77,97
4268,4269,P4269-5410-2,Raghav Rao,1954-10-07,70,Female,A+,25.0,"24/578, Sahni Nagar",560100,Hypertension,103,31
4269,4270,P4270-8201-2,Baiju Sathe,1982-01-09,43,Female,O+,19.7,"94/789
Bath Marg",561004,Healthy,50,54
4270,4271,P4271-9806-2,Zaina Uppal,1998-06-03,27,Female,O+,20.9,"32, Sawhney",562006,Sleep Apnea,62,66
4271,4272,P4272-7201-2,Aarna Wagle,1972-01-23,53,Female,A+,24.9,"15, Borah Ganj",561002,Diabetes,102,52
4272,4273,P4273-9108-2,Kaira Barman,1991-08-05,33,Female,AB+,22.8,"H.No. 258, Bhatia",571009,Heart Disease,81,89
4273,4274,P4274-7608-2,Chirag Savant,1976-08-03,48,Female,A-,24.1,"51, Chaudhary",561007,Dementia,94,57
4274,4275,P4275-8703-1,Dhanuk Tiwari,1987-03-07,38,Male,B-,24.8,"16, Sani Marg",560204,Sleep Apnea,101,45
4275,4276,P4276-0401-1,Kabir Tak,2004-01-11,21,Male,O+,28.6,"07/69
Mammen Ganj",570001,Sleep Apnea,139,71
4276,4277,P4277-4302-1,Tushar Samra,1943-02-06,82,Male,O+,24.0,"62/22, Wali Circle",570007,Sleep Apnea,93,77
4277,4278,P4278-8110-2,Nitya Iyer,1981-10-03,43,Female,A+,27.8,"631, Behl Street",560001,Epilepsy,131,1
4278,4279,P4279-7405-2,Kiara Jaggi,1974-05-12,51,Female,O+,26.0,"H.No. 95, Lanka Circle",572005,Hypertension,113,95
4279,4280,P4280-7311-1,Neysa Lall,1973-11-25,51,Male,A+,17.5,"H.No. 004, Sheth Ganj",560206,Healthy,28,47
4280,4281,P4281-8510-1,Anvi Tank,1985-10-29,39,Male,A+,17.6,"56/176
Amble Path",560205,Healthy,29,46
4281,4282,P4282-6911-2,Oorja Mandal,1969-11-26,55,Female,O-,27.0,"25
Jain",570006,Depression,123,76
4282,4283,P4283-9602-2,Ivan Majumdar,1996-02-02,29,Female,O+,23.0,"20/58, Rajagopal Ganj",570007,Sleep Apnea,83,77
4283,4284,P4284-9804-2,Neysa Sen,1998-04-20,27,Female,B+,22.6,"40/53, Deol Street",560025,Dementia,79,25
4284,4285,P4285-6908-2,Tiya Kuruvilla,1969-08-09,55,Female,A+,26.7,"H.No. 87
Dugar",572001,Depression,120,91
4285,4286,P4286-6812-1,Shanaya Dua,1968-12-21,56,Male,O+,25.3,"750
Bora Path",560100,Healthy,106,31
4286,4287,P4287-4902-2,Madhup Bir,1949-02-05,76,Female,AB+,24.2,"98/643, Chokshi Ganj",561007,Gout,95,57
4287,4288,P4288-4908-1,Hrishita Baral,1949-08-17,75,Male,O+,23.1,"984
Saxena Ganj",570010,Healthy,84,80
4288,4289,P4289-8303-1,Hrishita Ratti,1983-03-05,42,Male,O+,23.4,"H.No. 067
Yadav Chowk",562003,Depression,87,63
4289,4290,P4290-4307-1,Ivana Reddy,1943-07-06,82,Male,O-,22.3,"40/563, Kanda Street",560014,Dementia,76,14
4290,4291,P4291-5807-2,Jivika Dyal,1958-07-01,67,Female,B+,24.9,"97
Chawla Street",560027,Asthma,102,27
4291,4292,P4292-4504-1,Rati Kapur,1945-04-29,80,Male,B-,22.1,"35/067, Wadhwa Street",560209,Dementia,74,50
4292,4293,P4293-9405-2,Ahana  Sampath,1994-05-09,31,Female,A+,23.5,"21/085, Char Path",560012,Diabetes,88,12
4293,4294,P4294-4904-2,Yakshit Balay,1949-04-26,76,Female,B+,24.5,"H.No. 055
Shan Nagar",560023,Gout,98,23
4294,4295,P4295-7009-1,Riaan Bhagat,1970-09-12,54,Male,AB+,25.8,"71/59
Mallick Chowk",570008,Sleep Apnea,111,78
4295,4296,P4296-4301-2,Nitya Kara,1943-01-05,82,Female,AB+,28.3,"72/992
Barad Road",570009,Heart Disease,136,79
4296,4297,P4297-6205-2,Ira Bhat,1962-05-13,63,Female,B-,20.6,"H.No. 225
Varughese Street",572002,Healthy,59,92
4297,4298,P4298-7505-2,Damini Sur,1975-05-26,50,Female,O+,27.4,"90, Agate Nagar",570006,Sleep Apnea,127,76
4298,4299,P4299-6307-1,Amira Barad,1963-07-11,62,Male,B-,23.6,"H.No. 953
Thakur Nagar",560102,Heart Disease,89,33
4299,4300,P4300-6905-1,Anaya Suri,1969-05-17,56,Male,B-,20.5,"72
Karpe Nagar",562006,Heart Disease,58,66
4300,4301,P4301-6108-2,Amani Shenoy,1961-08-14,63,Female,O+,19.0,"H.No. 051, Mahajan Circle",560007,Heart Disease,43,7
4301,4302,P4302-7101-1,Romil Madan,1971-01-14,54,Male,O+,24.1,"078, Shan Zila",571001,Osteoporosis,94,81
4302,4303,P4303-6908-2,Alisha Lad,1969-08-19,55,Female,B+,21.7,"H.No. 303, Bath Ganj",561008,Heart Disease,70,58
4303,4304,P4304-6311-1,Kanav Sahni,1963-11-03,61,Male,O+,23.7,"H.No. 474, Mammen Circle",560012,Dementia,90,12
4304,4305,P4305-4803-1,Hazel Doctor,1948-03-28,77,Male,O+,22.3,"32/15, Bahri Path",571003,Sleep Apnea,76,83
4305,4306,P4306-4008-2,Divyansh Kannan,1940-08-19,84,Female,B-,23.0,"627, Khosla Ganj",572004,Gout,83,94
4306,4307,P4307-5611-2,Manikya Chand,1956-11-14,68,Female,B+,21.8,"00/32
Hari Nagar",560001,Dementia,71,1
4307,4308,P4308-4905-1,Uthkarsh Ravel,1949-05-01,76,Male,O+,24.4,"H.No. 740, Halder",560108,Dementia,97,39
4308,4309,P4309-9704-1,Aradhya Seth,1997-04-03,28,Male,AB+,22.1,"316, Mall Path",560003,Sleep Apnea,74,3
4309,4310,P4310-9910-1,Hansh Lata,1999-10-19,25,Male,A-,25.4,"48/068, Raj Road",561004,Gout,107,54
4310,4311,P4311-6111-1,Anaya Ganesan,1961-11-16,63,Male,O-,22.4,"H.No. 523
Kapadia Circle",571002,Depression,77,82
4311,4312,P4312-4310-2,Romil Kaul,1943-10-15,81,Female,AB+,25.9,"634
Chakrabarti Marg",560001,Dementia,112,1
4312,4313,P4313-9106-1,Trisha Grewal,1991-06-26,34,Male,A-,24.3,"997, Raja Street",570007,Epilepsy,96,77
4313,4314,P4314-7808-2,Reyansh Date,1978-08-10,46,Female,A+,23.4,"98, Madan Road",571006,Healthy,87,86
4314,4315,P4315-0208-2,Hansh Kakar,2002-08-26,22,Female,B+,20.1,"577
Comar Street",571004,Gout,54,84
4315,4316,P4316-7011-1,Saanvi Krishna,1970-11-04,54,Male,AB+,22.3,"54/08, Chaudhuri Nagar",562006,Hypertension,76,66
4316,4317,P4317-0305-2,Akarsh Shah,2003-05-09,22,Female,O+,25.6,"H.No. 025, Manne Street",570010,Sleep Apnea,109,80
4317,4318,P4318-4208-1,Shayak Swaminathan,1942-08-22,82,Male,O+,22.7,"40/136
Dani Road",572008,Asthma,80,98
4318,4319,P4319-8810-1,Navya Kalita,1988-10-08,36,Male,O+,24.1,"15/375
Sheth Marg",560002,Diabetes,94,2
4319,4320,P4320-4011-2,Vardaniya Dave,1940-11-17,84,Female,A+,27.1,"H.No. 32
Rajagopalan Nagar",561007,Heart Disease,124,57
4320,4321,P4321-9901-1,Stuvan Din,1999-01-18,26,Male,O+,25.2,"H.No. 09, Gill Chowk",560202,Osteoporosis,105,43
4321,4322,P4322-4301-2,Ishaan Kothari,1943-01-18,82,Female,A-,23.8,"87/27
Trivedi Zila",560201,Epilepsy,91,42
4322,4323,P4323-6004-2,Taran Bhatnagar,1960-04-21,65,Female,A+,25.6,"19/84, Borah Nagar",560200,Asthma,109,41
4323,4324,P4324-5210-2,Anahi Tella,1952-10-21,72,Female,A+,22.3,"06/010, Chaudry Marg",571004,Healthy,76,84
4324,4325,P4325-5603-2,Prerak Mall,1956-03-30,69,Female,A+,22.6,"H.No. 215
Acharya Chowk",560024,Sleep Apnea,79,24
4325,4326,P4326-7012-2,Aarush Hora,1970-12-09,54,Female,A+,24.0,"91/48, Kumer Road",562001,Diabetes,93,61
4326,4327,P4327-5904-2,Taran Salvi,1959-04-16,66,Female,B+,23.7,"H.No. 19, Halder Marg",562008,Healthy,90,68
4327,4328,P4328-8803-2,Kiara Brahmbhatt,1988-03-26,37,Female,O-,23.4,"15, Savant Path",560107,Hypertension,87,38
4328,4329,P4329-9507-2,Eshani Mani,1995-07-16,29,Female,O+,27.0,"39/555, Dasgupta Marg",561004,Depression,123,54
4329,4330,P4330-5101-2,Zaina Iyer,1951-01-20,74,Female,B-,22.7,"527
Mannan Circle",560207,Dementia,80,48
4330,4331,P4331-8209-1,Kiaan Bal,1982-09-07,42,Male,B+,25.4,"H.No. 033
Kota Zila",560007,Epilepsy,107,7
4331,4332,P4332-9806-1,Anvi Solanki,1998-06-03,27,Male,A+,23.8,"18, Doctor Marg",570001,Epilepsy,91,71
4332,4333,P4333-8904-1,Taran Rama,1989-04-12,36,Male,O+,25.5,"49/545
Sandal Circle",570010,Asthma,108,80
4333,4334,P4334-0402-1,Ehsaan Chander,2004-02-10,21,Male,O+,23.9,"65, Kibe Street",560204,Sleep Apnea,92,45
4334,4335,P4335-0105-2,Prerak Johal,2001-05-22,24,Female,A+,25.2,"766, Dash",560105,Hypertension,105,36
4335,4336,P4336-5811-2,Nishith Ganesan,1958-11-01,66,Female,O-,25.0,"188, Dasgupta Chowk",572006,Heart Disease,103,96
4336,4337,P4337-5709-1,Anika De,1957-09-11,67,Male,O+,26.2,"65, Sandal Street",560024,Epilepsy,115,24
4337,4338,P4338-8007-1,Kabir Chaudhuri,1980-07-28,44,Male,A+,21.9,"44/63, Korpal Path",560006,Depression,72,6
4338,4339,P4339-7602-2,Vritika Biswas,1976-02-19,49,Female,O+,26.1,"43/997
Ravi Road",560209,Healthy,114,50
4339,4340,P4340-5305-2,Akarsh Srinivas,1953-05-02,72,Female,O+,26.7,"H.No. 74, Zacharia Chowk",561006,Healthy,120,56
4340,4341,P4341-0103-1,Elakshi Raja,2001-03-05,24,Male,O+,22.4,"92/419
Ramaswamy Path",560100,Sleep Apnea,77,31
4341,4342,P4342-7011-1,Heer Bala,1970-11-08,54,Male,B-,24.2,"H.No. 286, Venkataraman Path",560209,Dementia,95,50
4342,4343,P4343-4309-1,Damini Dhaliwal,1943-09-21,81,Male,AB-,23.4,"19/62
Hayre Street",560100,Depression,87,31
4343,4344,P4344-5101-2,Yakshit Ram,1951-01-31,74,Female,B+,25.8,"H.No. 144, Subramanian Ganj",560002,Heart Disease,111,2
4344,4345,P4345-7903-2,Rhea Choudhury,1979-03-08,46,Female,O+,20.5,"H.No. 865
Chaudry Street",560025,Osteoporosis,58,25
4345,4346,P4346-4411-2,Bhamini Vasa,1944-11-27,80,Female,B-,24.0,"31
Vyas Ganj",570006,Gout,93,76
4346,4347,P4347-0006-2,Advik Wali,2000-06-15,25,Female,B-,22.7,"65/608, Dhaliwal Chowk",560029,Diabetes,80,29
4347,4348,P4348-5805-1,Sahil Kala,1958-05-23,67,Male,O+,26.0,"62/826
Swaminathan Street",572001,Dementia,113,91
4348,4349,P4349-9012-1,Arnav Chatterjee,1990-12-23,34,Male,O-,26.2,"26/23
Zacharia Chowk",572010,Diabetes,115,100
4349,4350,P4350-6607-2,Ela Barad,1966-07-13,59,Female,O-,26.1,"H.No. 71
Mannan Street",560007,Epilepsy,114,7
4350,4351,P4351-6107-2,Hazel Bora,1961-07-01,64,Female,A+,27.3,"36/96, Dubey Road",560206,Sleep Apnea,126,47
4351,4352,P4352-8605-1,Saksham Hayer,1986-05-27,39,Male,A-,22.3,"704
Sodhi Ganj",562002,Diabetes,76,62
4352,4353,P4353-9112-2,Anahi Gour,1991-12-05,33,Female,O+,26.2,"04/999
Sawhney Chowk",562002,Asthma,115,62
4353,4354,P4354-8705-1,Oorja Bedi,1987-05-30,38,Male,O+,27.3,"H.No. 146
Jha Path",560014,Hypertension,126,14
4354,4355,P4355-7709-1,Sara Das,1977-09-27,47,Male,O+,24.1,"46, Batta Circle",561004,Healthy,94,54
4355,4356,P4356-8108-1,Adah Sha,1981-08-21,43,Male,O+,28.0,"640
Kota Nagar",560017,Asthma,133,17
4356,4357,P4357-7707-2,Samarth Iyer,1977-07-31,47,Female,O+,26.2,"99
Dua Circle",561010,Dementia,115,60
4357,4358,P4358-9703-2,Manjari Kalla,1997-03-03,28,Female,AB+,22.6,"H.No. 70
Karan Circle",562004,Gout,79,64
4358,4359,P4359-6103-2,Inaaya  Kant,1961-03-24,64,Female,O+,24.0,"21/16
Bera Chowk",560023,Osteoporosis,93,23
4359,4360,P4360-8108-1,Faiyaz Samra,1981-08-11,43,Male,A+,25.9,"21/530
Dass",560009,Diabetes,112,9
4360,4361,P4361-5005-2,Ishaan Sane,1950-05-21,75,Female,O+,23.4,"71/63, Date Circle",560011,Osteoporosis,87,11
4361,4362,P4362-6309-1,Aniruddh Varkey,1963-09-06,61,Male,B+,27.2,"H.No. 584
Verma Marg",562008,Diabetes,125,68
4362,4363,P4363-9410-2,Dishani Keer,1994-10-19,30,Female,O+,23.6,"822
Gera Street",571003,Osteoporosis,89,83
4363,4364,P4364-7010-1,Dishani Bali,1970-10-18,54,Male,B+,26.8,"91/30, Balan Marg",560106,Gout,121,37
4364,4365,P4365-0105-1,Umang Apte,2001-05-09,24,Male,B+,24.9,"98/68, Kulkarni",560024,Healthy,102,24
4365,4366,P4366-6901-1,Dhanuk Choudhury,1969-01-26,56,Male,B+,22.4,"H.No. 30, Gera Zila",560103,Asthma,77,34
4366,4367,P4367-4010-1,Umang Bhagat,1940-10-10,84,Male,B+,27.6,"11, Varma Ganj",560026,Depression,129,26
4367,4368,P4368-8606-2,Shaan Singh,1986-06-22,39,Female,B+,25.5,"626
Chatterjee Marg",570006,Dementia,108,76
4368,4369,P4369-4812-1,Saksham Goel,1948-12-15,76,Male,O+,26.7,"H.No. 45, Sachdev Nagar",560007,Osteoporosis,120,7
4369,4370,P4370-0008-1,Yasmin Agarwal,2000-08-10,24,Male,O+,26.6,"29
Sarkar Circle",571008,Osteoporosis,119,88
4370,4371,P4371-4206-1,Ivana Doctor,1942-06-25,83,Male,B-,22.0,"05/51
Talwar Path",572010,Heart Disease,73,100
4371,4372,P4372-8504-2,Aniruddh Tara,1985-04-06,40,Female,O+,23.5,"52, Mani Marg",561007,Healthy,88,57
4372,4373,P4373-6408-1,Vaibhav Walia,1964-08-10,60,Male,O+,19.5,"603, Shah Street",570004,Sleep Apnea,48,74
4373,4374,P4374-7802-2,Taran Sachar,1978-02-03,47,Female,O+,24.4,"74
Doctor Path",560023,Heart Disease,97,23
4374,4375,P4375-4711-1,Tejas Rana,1947-11-12,77,Male,B+,22.3,"59, Dhingra Street",560101,Osteoporosis,76,32
4375,4376,P4376-7710-1,Ranbir Jaggi,1977-10-30,47,Male,A-,24.4,"H.No. 62, Srinivasan Ganj",560025,Diabetes,97,25
4376,4377,P4377-0107-2,Arnav Rana,2001-07-10,23,Female,O-,25.6,"H.No. 23, Sama Zila",560101,Healthy,109,32
4377,4378,P4378-9009-1,Yuvraj  Sinha,1990-09-14,34,Male,O+,25.0,"28
Sharaf Nagar",560026,Osteoporosis,103,26
4378,4379,P4379-6406-1,Myra Butala,1964-06-12,61,Male,O+,24.2,"H.No. 42
Sundaram Road",560202,Gout,95,43
4379,4380,P4380-6101-1,Azad Soni,1961-01-22,64,Male,A+,25.3,"85/621
Ahluwalia Chowk",560005,Heart Disease,106,5
4380,4381,P4381-9301-2,Gatik Ray,1993-01-16,32,Female,O+,23.0,"21/41
Bera Ganj",560018,Osteoporosis,83,18
4381,4382,P4382-4909-2,Zara Gandhi,1949-09-14,75,Female,B-,25.4,"293, Tandon Zila",561001,Sleep Apnea,107,51
4382,4383,P4383-9003-1,Kanav Bhatti,1990-03-24,35,Male,A+,22.1,"H.No. 827, Deep Path",560019,Heart Disease,74,19
4383,4384,P4384-9703-1,Nakul Kumer,1997-03-29,28,Male,A+,26.2,"41/941, Ranganathan Circle",571005,Sleep Apnea,115,85
4384,4385,P4385-9705-1,Nitya Chowdhury,1997-05-07,28,Male,O+,22.5,"H.No. 58, Seshadri Path",562001,Hypertension,78,61
4385,4386,P4386-7406-1,Indrans Wason,1974-06-30,51,Male,O+,24.6,"12/06, Mahajan Road",560021,Healthy,99,21
4386,4387,P4387-5910-1,Arhaan Karpe,1959-10-15,65,Male,O-,23.8,"098, Kapadia Zila",560001,Epilepsy,91,1
4387,4388,P4388-9205-1,Baiju Lala,1992-05-15,33,Male,O+,22.0,"H.No. 87, Madan",562010,Sleep Apnea,73,70
4388,4389,P4389-9010-1,Ivan Bali,1990-10-21,34,Male,O+,25.2,"607
Balay Marg",572010,Epilepsy,105,100
4389,4390,P4390-9604-2,Navya Gole,1996-04-16,29,Female,O+,26.2,"38/28
Upadhyay Nagar",560001,Depression,115,1
4390,4391,P4391-9508-1,Aarna Chaudhari,1995-08-02,29,Male,O-,26.7,"84
Khalsa Street",571010,Healthy,120,90
4391,4392,P4392-4105-1,Samarth Chana,1941-05-26,84,Male,O+,25.5,"92/332, Sani",562003,Epilepsy,108,63
4392,4393,P4393-0502-2,Kismat Sampath,2005-02-26,20,Female,O+,20.7,"H.No. 66, Bhalla Circle",560002,Diabetes,60,2
4393,4394,P4394-7509-2,Hunar Ramesh,1975-09-10,49,Female,O+,22.3,"075
Sarna Ganj",571006,Gout,76,86
4394,4395,P4395-7508-2,Anya Dyal,1975-08-26,49,Female,O+,24.7,"170, Dixit Nagar",560003,Diabetes,100,3
4395,4396,P4396-4307-1,Samar Jayaraman,1943-07-09,82,Male,O+,23.0,"H.No. 48, Dash Chowk",570008,Sleep Apnea,83,78
4396,4397,P4397-4905-2,Dishani Lanka,1949-05-22,76,Female,A+,28.4,"218
Bawa Circle",560105,Epilepsy,137,36
4397,4398,P4398-8606-1,Priyansh Rana,1986-06-21,39,Male,A+,22.1,"00/06
Gala Street",562003,Healthy,74,63
4398,4399,P4399-7303-1,Ivana Doshi,1973-03-29,52,Male,O-,23.0,"67
Bhatnagar Nagar",570005,Gout,83,75
4399,4400,P4400-0406-1,Kavya Tata,2004-06-29,21,Male,A-,26.4,"065
Agate",570006,Heart Disease,117,76
4400,4401,P4401-7501-1,Madhav Bal,1975-01-13,50,Male,O+,27.9,"87/70
Anne Nagar",560108,Healthy,132,39
4401,4402,P4402-6306-2,Dhruv Rama,1963-06-19,62,Female,O+,24.1,"H.No. 262
Seth Road",572008,Osteoporosis,94,98
4402,4403,P4403-7311-1,Pranay Bhargava,1973-11-13,51,Male,A+,27.5,"73
Bhakta Nagar",560102,Diabetes,128,33
4403,4404,P4404-8810-1,Vritika Chaudhari,1988-10-31,36,Male,A+,25.7,"01/44
Chakraborty",560209,Depression,110,50
4404,4405,P4405-6605-2,Nitara Goyal,1966-05-08,59,Female,O+,23.8,"81/521, Sampath Chowk",560024,Heart Disease,91,24
4405,4406,P4406-4604-2,Elakshi Bhattacharyya,1946-04-30,79,Female,O+,21.6,"50, Apte Road",560022,Heart Disease,69,22
4406,4407,P4407-9512-2,Prerak Sarkar,1995-12-06,29,Female,A-,22.5,"15, Tata Circle",560024,Diabetes,78,24
4407,4408,P4408-4607-2,Mannat Cheema,1946-07-28,78,Female,O+,24.3,"27
Garde Ganj",560100,Asthma,96,31
4408,4409,P4409-9112-1,Bhamini Samra,1991-12-10,33,Male,A+,25.3,"91/010
Gade",562008,Healthy,106,68
4409,4410,P4410-7901-1,Tejas Lal,1979-01-08,46,Male,O+,24.5,"H.No. 493
Kade Nagar",560014,Healthy,98,14
4410,4411,P4411-4901-1,Yuvraj  Chaudhary,1949-01-12,76,Male,O+,22.3,"H.No. 312
Dhar Path",560102,Epilepsy,76,33
4411,4412,P4412-4505-1,Taran Taneja,1945-05-07,80,Male,B-,21.8,"546, Comar Marg",562009,Gout,71,69
4412,4413,P4413-7404-1,Suhana Gopal,1974-04-11,51,Male,O+,25.7,"H.No. 78, Doshi Road",560006,Hypertension,110,6
4413,4414,P4414-5404-1,Veer Lad,1954-04-12,71,Male,B+,21.6,"H.No. 52, Keer Street",572005,Dementia,69,95
4414,4415,P4415-4706-1,Uthkarsh Mander,1947-06-27,78,Male,O+,18.6,"58/91
Sanghvi Nagar",571006,Depression,39,86
4415,4416,P4416-9707-2,Ehsaan Raman,1997-07-19,27,Female,O+,24.5,"H.No. 102
Sama Circle",560201,Dementia,98,42
4416,4417,P4417-6812-2,Ojas Bhargava,1968-12-17,56,Female,O+,23.0,"H.No. 724
Gill Zila",560003,Asthma,83,3
4417,4418,P4418-7112-1,Lakshay Krishnan,1971-12-31,53,Male,A+,23.5,"79/067, Sridhar Street",560001,Diabetes,88,1
4418,4419,P4419-9010-1,Ehsaan Kothari,1990-10-10,34,Male,AB+,21.6,"31
Bawa Nagar",560208,Healthy,69,49
4419,4420,P4420-8602-1,Prisha Butala,1986-02-01,39,Male,A+,27.1,"H.No. 19
Subramanian Street",571008,Asthma,124,88
4420,4421,P4421-8104-1,Kismat Ramakrishnan,1981-04-22,44,Male,A+,23.7,"09/205
Rama Road",570005,Healthy,90,75
4421,4422,P4422-7703-1,Jayan Yadav,1977-03-26,48,Male,B+,20.7,"34
Brahmbhatt Ganj",571007,Sleep Apnea,60,87
4422,4423,P4423-6408-1,Vanya Mandal,1964-08-24,60,Male,B+,25.7,"H.No. 887
Ghose Path",560019,Healthy,110,19
4423,4424,P4424-6801-2,Eshani Butala,1968-01-23,57,Female,O-,27.7,"65, Gera Path",562010,Gout,130,70
4424,4425,P4425-9204-1,Siya Ganguly,1992-04-29,33,Male,A+,23.5,"30/78
Gara Ganj",560024,Osteoporosis,88,24
4425,4426,P4426-9409-1,Gatik Sankaran,1994-09-21,30,Male,B+,24.9,"446
Butala Zila",570003,Depression,102,73
4426,4427,P4427-6009-1,Divij Din,1960-09-14,64,Male,B-,24.4,"H.No. 234
Madan Nagar",570005,Diabetes,97,75
4427,4428,P4428-7206-2,Sara Chana,1972-06-06,53,Female,B+,25.6,"H.No. 18, Golla Zila",560001,Asthma,109,1
4428,4429,P4429-9308-1,Bhavin Vala,1993-08-16,31,Male,B-,27.1,"02, Dugal Circle",560207,Diabetes,124,48
4429,4430,P4430-7910-2,Shaan Rajagopalan,1979-10-12,45,Female,O-,20.5,"H.No. 18
Rajan Circle",571002,Heart Disease,58,82
4430,4431,P4431-4702-1,Bhavin Solanki,1947-02-24,78,Male,O+,24.1,"98, Sha Chowk",560004,Osteoporosis,94,4
4431,4432,P4432-4005-1,Lavanya Chowdhury,1940-05-05,85,Male,A+,22.5,"09/60
Kalita",561004,Asthma,78,54
4432,4433,P4433-8206-2,Veer Master,1982-06-24,43,Female,AB+,23.3,"74/15
Srivastava Ganj",572003,Gout,86,93
4433,4434,P4434-5804-1,Eva Upadhyay,1958-04-27,67,Male,O+,24.3,"89
Mahal Road",560005,Depression,96,5
4434,4435,P4435-8110-1,Indrans Swaminathan,1981-10-14,43,Male,O+,19.1,"H.No. 91, Chada Ganj",560011,Gout,44,11
4435,4436,P4436-7008-2,Yuvaan Thaker,1970-08-08,54,Female,AB+,24.6,"H.No. 618, Chacko Ganj",560109,Asthma,99,40
4436,4437,P4437-6604-1,Jiya Shukla,1966-04-10,59,Male,O+,22.1,"789
Gupta Nagar",560020,Hypertension,74,20
4437,4438,P4438-5904-2,Kimaya Vasa,1959-04-04,66,Female,AB+,23.6,"194
Ram Street",561002,Osteoporosis,89,52
4438,4439,P4439-9907-2,Taran Kaul,1999-07-04,26,Female,A+,24.0,"H.No. 619, Bera Nagar",562006,Gout,93,66
4439,4440,P4440-5312-2,Badal Cherian,1953-12-24,71,Female,A+,24.4,"269
Krishnan Marg",560103,Osteoporosis,97,34
4440,4441,P4441-6905-1,Nirvaan Mane,1969-05-28,56,Male,O-,22.6,"41, Upadhyay Marg",562002,Heart Disease,79,62
4441,4442,P4442-8005-2,Nitara Chaudhry,1980-05-31,45,Female,O+,23.4,"H.No. 772, Sethi Street",562001,Asthma,87,61
4442,4443,P4443-5305-2,Tejas Dutt,1953-05-14,72,Female,O-,21.0,"H.No. 342
Garde",560017,Depression,63,17
4443,4444,P4444-4701-1,Umang Bali,1947-01-12,78,Male,AB+,24.0,"63/664
Sachdeva Road",560104,Heart Disease,93,35
4444,4445,P4445-4701-2,Miraan Mall,1947-01-19,78,Female,O+,21.7,"81/598
Devi Ganj",561004,Gout,70,54
4445,4446,P4446-8607-1,Azad Dhaliwal,1986-07-29,38,Male,O+,24.6,"H.No. 90, Sandal Ganj",560022,Depression,99,22
4446,4447,P4447-9111-2,Ivan Mallick,1991-11-06,33,Female,O+,22.6,"13, Singhal Road",560025,Asthma,79,25
4447,4448,P4448-7605-2,Miraan Chanda,1976-05-19,49,Female,O+,22.1,"86
Chaudhary Marg",560009,Depression,74,9
4448,4449,P4449-6409-1,Zeeshan Lanka,1964-09-06,60,Male,AB+,25.3,"03
Venkatesh Zila",560030,Epilepsy,106,30
4449,4450,P4450-8908-2,Samiha Chandran,1989-08-08,35,Female,A+,19.9,"76, Balay Zila",560008,Epilepsy,52,8
4450,4451,P4451-6410-2,Riya Vig,1964-10-17,60,Female,A-,22.9,"94/403
Sampath Nagar",561001,Sleep Apnea,82,51
4451,4452,P4452-5410-1,Anya Divan,1954-10-02,70,Male,A+,24.5,"48/878
Chawla Chowk",560208,Hypertension,98,49
4452,4453,P4453-5310-1,Taimur Shah,1953-10-20,71,Male,O+,22.7,"60/83
Golla",571001,Depression,80,81
4453,4454,P4454-7510-1,Heer Edwin,1975-10-30,49,Male,B+,25.0,"H.No. 46
Uppal Road",570007,Sleep Apnea,103,77
4454,4455,P4455-9410-1,Anya Sen,1994-10-01,30,Male,A+,24.0,"90/405
Chauhan Road",570005,Healthy,93,75
4455,4456,P4456-9205-1,Pihu Sant,1992-05-17,33,Male,O+,23.2,"H.No. 56, Acharya Nagar",571006,Gout,85,86
4456,4457,P4457-9107-2,Vidur Mannan,1991-07-13,33,Female,B+,27.2,"24, Bal Zila",571006,Asthma,125,86
4457,4458,P4458-8706-1,Kiara Suresh,1987-06-05,38,Male,O+,25.9,"46/860, Raj Chowk",572010,Gout,112,100
4458,4459,P4459-6301-1,Alia Ranganathan,1963-01-26,62,Male,A+,25.3,"H.No. 484
Gour Marg",572005,Gout,106,95
4459,4460,P4460-4406-2,Kashvi Kant,1944-06-24,81,Female,O+,23.5,"338
Badami Circle",571006,Dementia,88,86
4460,4461,P4461-6407-1,Shanaya Thakkar,1964-07-04,61,Male,O+,22.6,"23/37
Vyas Marg",560200,Hypertension,79,41
4461,4462,P4462-5812-2,Kartik Khare,1958-12-04,66,Female,AB+,23.9,"H.No. 84
Swamy Zila",570005,Osteoporosis,92,75
4462,4463,P4463-6805-1,Purab Loke,1968-05-21,57,Male,B+,21.6,"700, Krish Ganj",562004,Hypertension,69,64
4463,4464,P4464-9702-1,Yasmin Kalita,1997-02-02,28,Male,O+,24.3,"H.No. 46
Dey Street",560006,Gout,96,6
4464,4465,P4465-9308-1,Advika Mander,1993-08-28,31,Male,O+,22.7,"H.No. 050, Gala Zila",560024,Hypertension,80,24
4465,4466,P4466-6105-1,Vanya Kale,1961-05-27,64,Male,B+,22.3,"17/638
Chatterjee Ganj",560101,Dementia,76,32
4466,4467,P4467-9402-1,Indrajit Setty,1994-02-09,31,Male,O-,23.0,"64/812, Dayal Path",561005,Depression,83,55
4467,4468,P4468-6202-2,Dishani Dhaliwal,1962-02-15,63,Female,AB+,24.4,"H.No. 61, Agrawal Ganj",570002,Healthy,97,72
4468,4469,P4469-6005-1,Anika Suri,1960-05-06,65,Male,B+,25.3,"221, Koshy Path",562010,Heart Disease,106,70
4469,4470,P4470-0106-2,Chirag Dixit,2001-06-18,24,Female,O+,22.8,"981
Sant Chowk",561002,Depression,81,52
4470,4471,P4471-4011-1,Biju Varghese,1940-11-07,84,Male,A+,23.5,"H.No. 06, Gola Ganj",560201,Sleep Apnea,88,42
4471,4472,P4472-8208-1,Miraya Dugar,1982-08-23,42,Male,AB+,23.0,"19
Chada Marg",570010,Depression,83,80
4472,4473,P4473-9904-1,Vanya Shroff,1999-04-28,26,Male,O+,20.5,"H.No. 303, Kadakia",560209,Depression,58,50
4473,4474,P4474-6205-2,Zeeshan Sama,1962-05-01,63,Female,B-,23.6,"52/42, Sami",560009,Diabetes,89,9
4474,4475,P4475-8612-2,Neelofar Kaur,1986-12-18,38,Female,A+,22.8,"38/226, Chandran Zila",572009,Hypertension,81,99
4475,4476,P4476-4407-1,Zain Kari,1944-07-14,81,Male,O+,26.6,"H.No. 56, Kaur Street",562001,Healthy,119,61
4476,4477,P4477-4812-2,Divij Kanda,1948-12-07,76,Female,A+,24.9,"11/17
Ganguly Chowk",562003,Diabetes,102,63
4477,4478,P4478-8301-2,Mehul Brar,1983-01-25,42,Female,O+,23.7,"H.No. 911
Sathe Path",571010,Heart Disease,90,90
4478,4479,P4479-4401-2,Vihaan Sem,1944-01-20,81,Female,O+,24.5,"H.No. 921, Ramachandran",561002,Epilepsy,98,52
4479,4480,P4480-9105-2,Indranil Behl,1991-05-09,34,Female,O-,24.1,"306, Dhar Path",561006,Osteoporosis,94,56
4480,4481,P4481-5707-1,Kismat Sen,1957-07-04,68,Male,O-,22.3,"H.No. 218
Rout Street",562001,Asthma,76,61
4481,4482,P4482-5307-1,Saira Swaminathan,1953-07-23,71,Male,O+,24.0,"16/080, Gaba Path",572005,Osteoporosis,93,95
4482,4483,P4483-0301-2,Advika Sachar,2003-01-11,22,Female,O+,23.1,"55/18, Batta Ganj",571002,Asthma,84,82
4483,4484,P4484-8411-2,Shray Choudhry,1984-11-02,40,Female,A+,24.5,"H.No. 16, Mander Zila",571009,Diabetes,98,89
4484,4485,P4485-6306-1,Armaan Handa,1963-06-06,62,Male,B+,23.5,"16/54
Babu Marg",560201,Osteoporosis,88,42
4485,4486,P4486-0204-1,Kavya Jayaraman,2002-04-26,23,Male,O+,23.9,"49/82
Sarma Street",562001,Heart Disease,92,61
4486,4487,P4487-4403-2,Aarav Kibe,1944-03-08,81,Female,B+,24.5,"H.No. 51
Sekhon",571007,Diabetes,98,87
4487,4488,P4488-7204-1,Saanvi Dhar,1972-04-08,53,Male,O+,23.0,"39/579, Suri Marg",562004,Healthy,83,64
4488,4489,P4489-6605-2,Kimaya Suresh,1966-05-16,59,Female,O+,25.2,"H.No. 800
Dhar Nagar",572005,Dementia,105,95
4489,4490,P4490-6203-1,Shalv Vasa,1962-03-04,63,Male,AB+,24.0,"04
Gill Ganj",570009,Osteoporosis,93,79
4490,4491,P4491-9512-2,Mamooty Biswas,1995-12-05,29,Female,B+,23.8,"30/11
Dass Road",562007,Osteoporosis,91,67
4491,4492,P4492-5708-1,Divyansh Tripathi,1957-08-19,67,Male,B+,24.9,"02
Badami Street",561004,Heart Disease,102,54
4492,4493,P4493-9501-2,Taimur Samra,1995-01-18,30,Female,O+,25.1,"90, Ahuja Path",560209,Healthy,104,50
4493,4494,P4494-5001-1,Jayant Warrior,1950-01-14,75,Male,O+,23.2,"66/432
Kuruvilla Nagar",562006,Asthma,85,66
4494,4495,P4495-9409-1,Anay Som,1994-09-17,30,Male,A+,26.1,"H.No. 93, Chaudry Marg",560027,Heart Disease,114,27
4495,4496,P4496-0109-1,Divij Gola,2001-09-08,23,Male,O-,21.2,"59/923, Batta Chowk",572010,Dementia,65,100
4496,4497,P4497-5701-2,Sahil Bansal,1957-01-05,68,Female,A+,22.9,"59/483
Ramachandran Chowk",560108,Diabetes,82,39
4497,4498,P4498-8111-2,Mannat Majumdar,1981-11-07,43,Female,B+,24.0,"711, Dixit Ganj",560002,Heart Disease,93,2
4498,4499,P4499-4505-2,Suhana Kapoor,1945-05-03,80,Female,O+,23.5,"H.No. 17
Saini Nagar",562001,Asthma,88,61
4499,4500,P4500-5309-2,Uthkarsh Khosla,1953-09-28,71,Female,B-,25.2,"905, Chander Nagar",560012,Hypertension,105,12
4500,4501,P4501-5103-1,Vritika Ravi,1951-03-26,74,Male,O+,23.3,"93/22, Tiwari Zila",560004,Sleep Apnea,86,4
4501,4502,P4502-6106-2,Jivika Sha,1961-06-15,64,Female,O+,25.4,"H.No. 34
Sachdev Circle",560006,Healthy,107,6
4502,4503,P4503-6612-2,Ivana Thakkar,1966-12-28,58,Female,AB+,23.3,"05/629, Bhasin Road",562007,Sleep Apnea,86,67
4503,4504,P4504-8305-2,Tejas Brar,1983-05-27,42,Female,O+,25.0,"H.No. 152, Lad Zila",562004,Dementia,103,64
4504,4505,P4505-8511-1,Lavanya Chandran,1985-11-03,39,Male,O+,18.6,"144, Roy",571002,Hypertension,39,82
4505,4506,P4506-8103-2,Ryan Kashyap,1981-03-10,44,Female,O+,23.8,"H.No. 14
Thaker Zila",560017,Osteoporosis,91,17
4506,4507,P4507-6704-2,Elakshi Hans,1967-04-09,58,Female,O-,23.9,"65/323, Gupta",562005,Healthy,92,65
4507,4508,P4508-7111-1,Tushar Das,1971-11-14,53,Male,O+,25.8,"H.No. 76, Wason Zila",572005,Osteoporosis,111,95
4508,4509,P4509-6401-1,Riya Borde,1964-01-28,61,Male,B+,23.5,"79/63
Kar Path",572004,Sleep Apnea,88,94
4509,4510,P4510-8811-2,Manikya Bhakta,1988-11-30,36,Female,A+,23.9,"31/27, Bhasin Circle",560029,Epilepsy,92,29
4510,4511,P4511-8905-1,Seher Brar,1989-05-18,36,Male,O+,27.5,"97/227, Mall",571009,Gout,128,89
4511,4512,P4512-0105-1,Vritika Din,2001-05-07,24,Male,AB+,21.1,"21/255
Doctor Road",560200,Osteoporosis,64,41
4512,4513,P4513-4910-1,Kavya Dugar,1949-10-15,75,Male,O+,21.5,"62/08, Doctor",572010,Healthy,68,100
4513,4514,P4514-5404-1,Saksham Krishna,1954-04-29,71,Male,A+,25.2,"H.No. 76
Sharaf Path",571001,Osteoporosis,105,81
4514,4515,P4515-6911-2,Nishith Buch,1969-11-25,55,Female,B+,27.0,"29/99, Som Path",560008,Epilepsy,123,8
4515,4516,P4516-0402-2,Samarth Sathe,2004-02-16,21,Female,O+,24.1,"41/89, Bali Chowk",560010,Hypertension,94,10
4516,4517,P4517-4207-1,Vanya Khanna,1942-07-13,83,Male,B+,24.8,"46, Gupta",560030,Osteoporosis,101,30
4517,4518,P4518-8002-2,Jiya Mangal,1980-02-01,45,Female,A+,25.0,"H.No. 779
Kothari Road",561004,Gout,103,54
4518,4519,P4519-0212-2,Jhanvi Garg,2002-12-08,22,Female,A+,28.3,"H.No. 509, Kari Marg",560203,Osteoporosis,136,44
4519,4520,P4520-6110-1,Emir Raman,1961-10-14,63,Male,O+,23.5,"27, Boase",560007,Dementia,88,7
4520,4521,P4521-9606-2,Veer Chhabra,1996-06-06,29,Female,O-,21.3,"01/39
Saha Marg",570007,Sleep Apnea,66,77
4521,4522,P4522-5804-1,Raghav Raja,1958-04-30,67,Male,O+,25.3,"23/11, Jani Marg",560029,Dementia,106,29
4522,4523,P4523-9905-1,Khushi Shukla,1999-05-03,26,Male,B+,21.8,"27, Kade Nagar",560006,Hypertension,71,6
4523,4524,P4524-5507-1,Vihaan Kaul,1955-07-17,70,Male,O-,21.3,"H.No. 36
Rattan Ganj",572005,Gout,66,95
4524,4525,P4525-8704-1,Tara Dhillon,1987-04-08,38,Male,O+,26.0,"12/350
Konda Circle",560104,Healthy,113,35
4525,4526,P4526-5706-2,Heer Bahri,1957-06-09,68,Female,B+,24.6,"33
Basak Ganj",560105,Hypertension,99,36
4526,4527,P4527-8003-2,Tara Wali,1980-03-02,45,Female,B+,24.5,"H.No. 39
Lad Ganj",560005,Depression,98,5
4527,4528,P4528-6209-1,Miraan Chopra,1962-09-18,62,Male,B+,25.1,"78/12
Maharaj Zila",560006,Epilepsy,104,6
4528,4529,P4529-9706-2,Jayan Chakraborty,1997-06-14,28,Female,O+,21.1,"H.No. 642
Dugal Road",561009,Epilepsy,64,59
4529,4530,P4530-8705-1,Rohan Sarma,1987-05-02,38,Male,O+,21.3,"390, Batra Zila",560204,Sleep Apnea,66,45
4530,4531,P4531-8008-1,Jayesh Yohannan,1980-08-27,44,Male,O+,21.9,"H.No. 16, Butala Chowk",560106,Dementia,72,37
4531,4532,P4532-6210-1,Khushi Keer,1962-10-26,62,Male,B+,23.7,"34/01, Yadav Marg",560001,Gout,90,1
4532,4533,P4533-9806-2,Jivika Varkey,1998-06-06,27,Female,A+,22.1,"70/23, Anand Zila",571005,Dementia,74,85
4533,4534,P4534-8101-1,Nirvi Borde,1981-01-31,44,Male,O-,25.8,"17/80, Chopra Street",570005,Healthy,111,75
4534,4535,P4535-8212-1,Umang Walla,1982-12-05,42,Male,A+,24.4,"25/137, Arora Chowk",562009,Dementia,97,69
4535,4536,P4536-0007-2,Dhanuk Ramaswamy,2000-07-25,24,Female,A+,24.9,"48/61
Srivastava Street",560016,Sleep Apnea,102,16
4536,4537,P4537-9610-1,Ehsaan Lad,1996-10-03,28,Male,O-,24.6,"H.No. 155, Bhavsar Ganj",562004,Gout,99,64
4537,4538,P4538-4304-1,Rati Batta,1943-04-23,82,Male,O+,26.4,"H.No. 791
Chokshi",560206,Healthy,117,47
4538,4539,P4539-8209-1,Hrishita Dutta,1982-09-21,42,Male,B-,24.9,"38/10
Randhawa Ganj",560028,Heart Disease,102,28
4539,4540,P4540-9103-1,Hrishita Vyas,1991-03-20,34,Male,AB+,21.8,"18/227
Sankar",561002,Heart Disease,71,52
4540,4541,P4541-7012-1,Sana Thakkar,1970-12-12,54,Male,A+,22.3,"17
Dada Chowk",560014,Hypertension,76,14
4541,4542,P4542-8005-1,Darshit Dutt,1980-05-19,45,Male,O+,22.9,"H.No. 30, Sridhar Path",560013,Gout,82,13
4542,4543,P4543-9805-1,Vihaan Gala,1998-05-29,27,Male,A+,21.5,"55/43, Devan Chowk",571001,Gout,68,81
4543,4544,P4544-4606-2,Nirvi Srinivas,1946-06-06,79,Female,B+,24.3,"918, Bora Nagar",561008,Heart Disease,96,58
4544,4545,P4545-5309-2,Aarna Hayre,1953-09-04,71,Female,O+,23.7,"226, Chandra Nagar",560200,Asthma,90,41
4545,4546,P4546-8212-2,Jayant Bandi,1982-12-16,42,Female,B+,25.6,"H.No. 39
Chaudry Zila",570006,Diabetes,109,76
4546,4547,P4547-8306-2,Bhavin Babu,1983-06-15,42,Female,B-,23.3,"39/96, Dutt Ganj",560208,Asthma,86,49
4547,4548,P4548-9802-2,Vivaan Dora,1998-02-22,27,Female,O+,23.4,"94/153
Basu Nagar",570010,Healthy,87,80
4548,4549,P4549-4612-2,Rhea Kohli,1946-12-12,78,Female,O+,21.9,"56, Basak",560106,Epilepsy,72,37
4549,4550,P4550-8810-2,Aradhya Tella,1988-10-03,36,Female,A-,21.6,"53/22
Gaba Chowk",560100,Healthy,69,31
4550,4551,P4551-7404-1,Farhan Keer,1974-04-27,51,Male,A-,29.2,"07/513
Sane Zila",571006,Hypertension,145,86
4551,4552,P4552-8411-2,Akarsh Ravel,1984-11-16,40,Female,A+,23.6,"H.No. 19
Luthra Path",570006,Healthy,89,76
4552,4553,P4553-9902-1,Drishya Tiwari,1999-02-18,26,Male,B-,26.8,"00/71
Khosla Marg",560022,Gout,121,22
4553,4554,P4554-0108-1,Ivan Sarin,2001-08-20,23,Male,O+,22.0,"064, Tailor Road",560022,Hypertension,73,22
4554,4555,P4555-4209-2,Aarav Mann,1942-09-23,82,Female,O-,23.2,"43/652, Goel Nagar",571003,Gout,85,83
4555,4556,P4556-6911-1,Keya Shanker,1969-11-22,55,Male,A-,22.9,"13/176, Kari Nagar",561001,Osteoporosis,82,51
4556,4557,P4557-4312-2,Jiya Bose,1943-12-13,81,Female,O+,25.8,"30
Boase",562008,Dementia,111,68
4557,4558,P4558-6309-1,Indrajit Sheth,1963-09-02,61,Male,B-,24.2,"61/38
Rege Zila",561002,Osteoporosis,95,52
4558,4559,P4559-4310-1,Yashvi Tata,1943-10-26,81,Male,B+,20.7,"H.No. 69, Khosla Ganj",571004,Epilepsy,60,84
4559,4560,P4560-6404-1,Tiya Kashyap,1964-04-25,61,Male,A+,27.5,"10/713
Bahl Zila",561007,Sleep Apnea,128,57
4560,4561,P4561-9608-2,Emir Vala,1996-08-18,28,Female,O+,22.9,"308, Raman Zila",560006,Healthy,82,6
4561,4562,P4562-4206-1,Jhanvi Arya,1942-06-06,83,Male,O+,26.1,"649, Kalla Path",560005,Asthma,114,5
4562,4563,P4563-8205-2,Raghav Sunder,1982-05-12,43,Female,A+,27.7,"88, Chhabra Road",560022,Asthma,130,22
4563,4564,P4564-5903-1,Amani Tiwari,1959-03-31,66,Male,O+,28.7,"H.No. 78, Ravel Marg",571007,Epilepsy,140,87
4564,4565,P4565-7701-1,Manjari Bhasin,1977-01-11,48,Male,O+,24.3,"H.No. 64, Yadav Nagar",561006,Asthma,96,56
4565,4566,P4566-8504-2,Keya Kaur,1985-04-11,40,Female,O-,25.7,"22/75, Tiwari Zila",560016,Gout,110,16
4566,4567,P4567-0409-2,Bhavin Ram,2004-09-26,20,Female,O+,24.6,"43/416
Tata Circle",572007,Osteoporosis,99,97
4567,4568,P4568-5806-2,Mishti Sani,1958-06-12,67,Female,O+,21.1,"H.No. 45
Sridhar Zila",560002,Hypertension,64,2
4568,4569,P4569-9903-1,Nehmat Sathe,1999-03-03,26,Male,B-,23.0,"49/706, Tripathi Ganj",561008,Hypertension,83,58
4569,4570,P4570-4101-1,Myra Manda,1941-01-05,84,Male,O+,24.3,"78/591, Kulkarni Ganj",561004,Epilepsy,96,54
4570,4571,P4571-0001-1,Taran Sethi,2000-01-08,25,Male,A+,25.7,"11, Mahajan Road",561010,Hypertension,110,60
4571,4572,P4572-5204-1,Raunak Chaudry,1952-04-26,73,Male,B+,23.0,"17/218, Krishnamurthy Marg",561006,Osteoporosis,83,56
4572,4573,P4573-5407-1,Sahil Rattan,1954-07-19,71,Male,B-,23.1,"93/10, Rajagopal Street",560103,Osteoporosis,84,34
4573,4574,P4574-5101-2,Jayant Vaidya,1951-01-08,74,Female,A-,25.9,"46/097, Babu Zila",572009,Dementia,112,99
4574,4575,P4575-8110-1,Bhavin Bora,1981-10-15,43,Male,B+,29.7,"H.No. 112, Verma Nagar",572009,Dementia,150,99
4575,4576,P4576-0512-1,Eva Dubey,2005-12-19,19,Male,AB+,24.1,"H.No. 750
Mand Zila",560204,Healthy,94,45
4576,4577,P4577-5104-1,Uthkarsh Gade,1951-04-15,74,Male,B+,26.9,"H.No. 69, Dhillon Zila",560002,Dementia,122,2
4577,4578,P4578-4806-2,Sumer Kade,1948-06-27,77,Female,B+,22.5,"10/29
Rastogi Marg",560014,Heart Disease,78,14
4578,4579,P4579-6211-1,Rati Sani,1962-11-10,62,Male,O+,24.0,"33/747
Boase Ganj",570006,Hypertension,93,76
4579,4580,P4580-5012-1,Kiaan Agrawal,1950-12-12,74,Male,B+,24.1,"H.No. 166, Sharaf Chowk",560001,Healthy,94,1
4580,4581,P4581-8510-1,Ehsaan Gulati,1985-10-25,39,Male,B+,24.4,"00/069
Kala Nagar",572003,Dementia,97,93
4581,4582,P4582-6303-1,Pranay Mani,1963-03-02,62,Male,B-,25.1,"61/22
Goda",560106,Healthy,104,37
4582,4583,P4583-4203-2,Adah Shanker,1942-03-17,83,Female,B-,25.0,"77/000
Vohra Path",572006,Dementia,103,96
4583,4584,P4584-8012-2,Aradhya Iyengar,1980-12-17,44,Female,B-,24.3,"486
Bose",560008,Gout,96,8
4584,4585,P4585-4403-2,Vihaan De,1944-03-08,81,Female,B+,22.9,"H.No. 51
Dash Circle",572005,Heart Disease,82,95
4585,4586,P4586-5501-2,Ayesha Sodhi,1955-01-23,70,Female,O+,23.7,"H.No. 55, Kamdar Zila",560200,Hypertension,90,41
4586,4587,P4587-4110-2,Divij Devan,1941-10-19,83,Female,B+,24.0,"238
Bhagat Zila",561002,Hypertension,93,52
4587,4588,P4588-9808-1,Manikya Lanka,1998-08-17,26,Male,O+,25.2,"H.No. 41, Lad Marg",561001,Dementia,105,51
4588,4589,P4589-7902-2,Ranbir Chad,1979-02-19,46,Female,O-,24.0,"47/046
Sem Street",560002,Heart Disease,93,2
4589,4590,P4590-8011-1,Raghav Rege,1980-11-02,44,Male,A+,24.6,"923, Ravi Circle",571009,Osteoporosis,99,89
4590,4591,P4591-6707-2,Parinaaz Borra,1967-07-06,58,Female,O+,23.4,"614
Basu",562005,Osteoporosis,87,65
4591,4592,P4592-7011-2,Arhaan Vasa,1970-11-29,54,Female,O+,25.7,"76, Bali",561009,Depression,110,59
4592,4593,P4593-6409-2,Mamooty Hari,1964-09-28,60,Female,A+,25.2,"55
Saini Path",571005,Osteoporosis,105,85
4593,4594,P4594-7108-2,Hazel Bala,1971-08-09,53,Female,B+,23.1,"39, Setty",571004,Epilepsy,84,84
4594,4595,P4595-7511-2,Dhruv Vohra,1975-11-26,49,Female,O+,22.5,"319, Sankaran Ganj",560023,Heart Disease,78,23
4595,4596,P4596-6905-1,Amani Mannan,1969-05-09,56,Male,O+,21.8,"H.No. 773, Krish Path",570004,Sleep Apnea,71,74
4596,4597,P4597-5711-2,Onkar Mallick,1957-11-05,67,Female,AB+,23.8,"31/92, Korpal Marg",562010,Gout,91,70
4597,4598,P4598-9306-2,Prerak Dubey,1993-06-07,32,Female,O+,23.3,"H.No. 494, Bakshi Marg",571002,Diabetes,86,82
4598,4599,P4599-4607-1,Indrans Ravel,1946-07-12,79,Male,B+,24.0,"82/326
Dhillon Zila",560019,Healthy,93,19
4599,4600,P4600-7908-2,Shalv Chaudhary,1979-08-02,45,Female,AB+,24.0,"579
Balan Road",560202,Sleep Apnea,93,43
4600,4601,P4601-0010-2,Nishith Bhavsar,2000-10-28,24,Female,O+,23.7,"69, Bhattacharyya Street",560030,Asthma,90,30
4601,4602,P4602-0005-2,Riya Thakur,2000-05-29,25,Female,O-,25.5,"H.No. 84
Sarraf Circle",571010,Hypertension,108,90
4602,4603,P4603-4012-2,Hiran Goel,1940-12-25,84,Female,A+,25.8,"10, Sankar Street",571004,Heart Disease,111,84
4603,4604,P4604-6207-1,Jivika Uppal,1962-07-02,63,Male,O+,22.7,"48/580
Krish Circle",562005,Epilepsy,80,65
4604,4605,P4605-4401-2,Kavya Gole,1944-01-28,81,Female,B+,27.6,"H.No. 33
Rau Path",560103,Depression,129,34
4605,4606,P4606-6006-2,Kashvi Doctor,1960-06-06,65,Female,O+,24.1,"98/17
Chand Road",562002,Sleep Apnea,94,62
4606,4607,P4607-6406-2,Mohanlal Bera,1964-06-15,61,Female,B+,25.0,"227, Ben Street",562009,Asthma,103,69
4607,4608,P4608-6409-2,Shanaya Dutt,1964-09-18,60,Female,O+,24.3,"75/43, Bahl Chowk",561010,Heart Disease,96,60
4608,4609,P4609-6404-1,Dhanush Dada,1964-04-30,61,Male,B-,19.7,"11, Khalsa Circle",562005,Sleep Apnea,50,65
4609,4610,P4610-4806-2,Charvi Rana,1948-06-16,77,Female,O+,24.6,"809, Johal Road",561005,Osteoporosis,99,55
4610,4611,P4611-8609-2,Aayush Yadav,1986-09-25,38,Female,B+,21.1,"27/271, Srivastava",560002,Gout,64,2
4611,4612,P4612-9912-2,Dhanuk Johal,1999-12-09,25,Female,O+,26.7,"592, Apte Chowk",560004,Dementia,120,4
4612,4613,P4613-4006-1,Uthkarsh Brar,1940-06-05,85,Male,O-,24.4,"H.No. 428, Chander",561001,Gout,97,51
4613,4614,P4614-8408-1,Shanaya Kar,1984-08-29,40,Male,B+,24.0,"68/846, Rau",571004,Dementia,93,84
4614,4615,P4615-5312-1,Baiju Bansal,1953-12-06,71,Male,O+,23.8,"70, Majumdar Marg",560028,Heart Disease,91,28
4615,4616,P4616-6904-1,Jivin Contractor,1969-04-22,56,Male,O-,23.2,"49/199, Venkataraman Circle",560204,Asthma,85,45
4616,4617,P4617-9604-2,Kanav Ravel,1996-04-10,29,Female,B+,23.6,"379
Anand Road",560003,Epilepsy,89,3
4617,4618,P4618-8409-2,Ishaan Kunda,1984-09-29,40,Female,O+,25.2,"10/139, Doctor Zila",560200,Epilepsy,105,41
4618,4619,P4619-7206-2,Jivin Lanka,1972-06-19,53,Female,O+,21.7,"721
Shenoy Ganj",571003,Sleep Apnea,70,83
4619,4620,P4620-0001-2,Advika Hans,2000-01-12,25,Female,A+,21.0,"17/846
Kashyap Street",560203,Diabetes,63,44
4620,4621,P4621-9810-1,Ahana  Shankar,1998-10-17,26,Male,A-,22.6,"H.No. 692
Bhat",561001,Depression,79,51
4621,4622,P4622-0410-2,Drishya Cheema,2004-10-26,20,Female,B+,21.6,"09
Vyas Chowk",561001,Dementia,69,51
4622,4623,P4623-6503-1,Anay Dass,1965-03-20,60,Male,A+,23.6,"18, Sen Road",570008,Gout,89,78
4623,4624,P4624-9705-2,Baiju Arya,1997-05-19,28,Female,A+,23.5,"13/34
Majumdar",560001,Dementia,88,1
4624,4625,P4625-8212-1,Miraan Magar,1982-12-06,42,Male,B+,22.2,"55
Bhardwaj Street",562002,Asthma,75,62
4625,4626,P4626-4603-2,Shanaya Ghosh,1946-03-05,79,Female,AB+,21.9,"H.No. 289, Bhat Path",560109,Osteoporosis,72,40
4626,4627,P4627-5802-2,Pari Ratti,1958-02-08,67,Female,O+,25.6,"68/12, Bera Street",571002,Healthy,109,82
4627,4628,P4628-0007-2,Anahita Badal,2000-07-08,24,Female,B-,21.8,"29/652, Jayaraman",570009,Heart Disease,71,79
4628,4629,P4629-7210-2,Shlok Kalla,1972-10-27,52,Female,O-,23.7,"49/07, Ravi",572005,Healthy,90,95
4629,4630,P4630-6508-2,Divyansh Sharaf,1965-08-03,59,Female,O-,21.3,"494, Suri Nagar",560026,Diabetes,66,26
4630,4631,P4631-5210-1,Suhana Bhardwaj,1952-10-24,72,Male,A+,21.8,"79/23
Dora Street",561008,Osteoporosis,71,58
4631,4632,P4632-7607-2,Zaina Bali,1976-07-15,48,Female,O-,26.2,"15/038
Khatri Marg",572005,Osteoporosis,115,95
4632,4633,P4633-7502-1,Shanaya Amble,1975-02-10,50,Male,A-,23.0,"61/09, Dixit Road",561006,Heart Disease,83,56
4633,4634,P4634-4607-2,Veer Hari,1946-07-17,79,Female,B+,23.0,"H.No. 148
Ramesh Street",560100,Healthy,83,31
4634,4635,P4635-6303-2,Ishita Shetty,1963-03-21,62,Female,O+,26.2,"08/85, Sani Circle",560103,Diabetes,115,34
4635,4636,P4636-5604-2,Anahita Sanghvi,1956-04-06,69,Female,A-,25.9,"H.No. 557
Jayaraman Path",571001,Osteoporosis,112,81
4636,4637,P4637-6212-2,Vivaan Sundaram,1962-12-17,62,Female,O+,26.8,"H.No. 436
Loyal Circle",560015,Healthy,121,15
4637,4638,P4638-8605-1,Samar Banerjee,1986-05-16,39,Male,O+,24.7,"H.No. 052
Dewan Ganj",560109,Healthy,100,40
4638,4639,P4639-5612-2,Kiara Lala,1956-12-09,68,Female,A+,20.5,"321
Kala Path",572003,Osteoporosis,58,93
4639,4640,P4640-8708-2,Aarav Reddy,1987-08-04,37,Female,O-,21.9,"95, Sampath Ganj",570004,Epilepsy,72,74
4640,4641,P4641-0104-2,Elakshi Chauhan,2001-04-06,24,Female,O+,22.8,"790
Kapoor Path",560021,Osteoporosis,81,21
4641,4642,P4642-4309-2,Ishita Bhardwaj,1943-09-16,81,Female,A+,20.6,"H.No. 761, Suresh Zila",570002,Diabetes,59,72
4642,4643,P4643-8304-1,Rati Seshadri,1983-04-09,42,Male,O+,23.5,"H.No. 757
Tandon Zila",561006,Epilepsy,88,56
4643,4644,P4644-6308-1,Baiju Das,1963-08-27,61,Male,O-,24.0,"H.No. 169
Sur Nagar",571006,Healthy,93,86
4644,4645,P4645-5506-2,Bhamini Sengupta,1955-06-17,70,Female,O+,21.2,"53/243
Toor Street",560004,Hypertension,65,4
4645,4646,P4646-9503-2,Kismat Som,1995-03-22,30,Female,O+,22.4,"151, Viswanathan Nagar",561006,Diabetes,77,56
4646,4647,P4647-4402-2,Kaira Khalsa,1944-02-25,81,Female,O+,27.3,"09/642
Dua Circle",560022,Diabetes,126,22
4647,4648,P4648-5905-1,Vardaniya Garde,1959-05-10,66,Male,O+,27.1,"H.No. 07
Brar Zila",572003,Sleep Apnea,124,93
4648,4649,P4649-0404-1,Ayesha Krish,2004-04-09,21,Male,AB+,24.7,"32/11, Kalla Street",561005,Asthma,100,55
4649,4650,P4650-4206-1,Ela Mander,1942-06-22,83,Male,A+,21.6,"74/898, Badami Marg",561007,Healthy,69,57
4650,4651,P4651-8502-1,Manikya Date,1985-02-22,40,Male,B+,23.1,"04/449
Sidhu Circle",562007,Healthy,84,67
4651,4652,P4652-9908-2,Kabir Babu,1999-08-15,25,Female,O+,21.2,"427, Anne Zila",560209,Diabetes,65,50
4652,4653,P4653-7308-2,Gatik Sarna,1973-08-19,51,Female,O+,22.4,"H.No. 036
Chatterjee Road",570004,Heart Disease,77,74
4653,4654,P4654-6607-1,Manikya Mander,1966-07-15,59,Male,O+,22.8,"43, Tara Zila",562001,Healthy,81,61
4654,4655,P4655-4409-2,Anika Ben,1944-09-04,80,Female,B+,23.7,"05/170
Ahuja Zila",560206,Dementia,90,47
4655,4656,P4656-5810-2,Eva Upadhyay,1958-10-07,66,Female,A-,24.4,"H.No. 802
Garg Path",561010,Dementia,97,60
4656,4657,P4657-9502-1,Farhan Mangat,1995-02-25,30,Male,A+,28.7,"745, Bhavsar Road",572002,Osteoporosis,140,92
4657,4658,P4658-8710-1,Samar Mangal,1987-10-28,37,Male,AB+,24.6,"07
Mahajan Nagar",570002,Hypertension,99,72
4658,4659,P4659-4612-2,Misha Kant,1946-12-14,78,Female,AB+,26.5,"050
Sarna Path",561003,Diabetes,118,53
4659,4660,P4660-8703-2,Vardaniya Khurana,1987-03-18,38,Female,B-,26.5,"86/410, Agarwal Path",562010,Healthy,118,70
4660,4661,P4661-9702-1,Parinaaz Doshi,1997-02-28,28,Male,AB+,21.6,"02/48
Ganguly Zila",560103,Diabetes,69,34
4661,4662,P4662-9508-2,Seher Boase,1995-08-31,29,Female,O+,23.4,"H.No. 489
Randhawa Street",571001,Sleep Apnea,87,81
4662,4663,P4663-7307-1,Purab Bhattacharyya,1973-07-10,52,Male,B+,23.3,"H.No. 986, Dayal Marg",571003,Sleep Apnea,86,83
4663,4664,P4664-6006-2,Jivin Iyer,1960-06-15,65,Female,O-,25.3,"47
Bhattacharyya",562006,Healthy,106,66
4664,4665,P4665-4706-1,Vivaan Kunda,1947-06-04,78,Male,A-,25.3,"660
Dhillon Ganj",560018,Asthma,106,18
4665,4666,P4666-4810-2,Bhamini Grover,1948-10-13,76,Female,AB+,23.5,"292
Lanka Ganj",560011,Heart Disease,88,11
4666,4667,P4667-8403-1,Navya Upadhyay,1984-03-11,41,Male,B+,26.8,"H.No. 93
Saha Zila",572006,Sleep Apnea,121,96
4667,4668,P4668-0112-1,Kaira Sandhu,2001-12-31,23,Male,O+,25.2,"H.No. 636, Bose Zila",560018,Sleep Apnea,105,18
4668,4669,P4669-7511-1,Dishani Bhardwaj,1975-11-21,49,Male,B-,23.7,"60, Trivedi Road",561001,Epilepsy,90,51
4669,4670,P4670-5001-2,Advika Mahal,1950-01-11,75,Female,O+,24.1,"H.No. 43, Kothari Circle",561001,Sleep Apnea,94,51
4670,4671,P4671-8804-1,Ojas Agate,1988-04-21,37,Male,B-,24.8,"H.No. 156
Borde Marg",561010,Asthma,101,60
4671,4672,P4672-6411-1,Rasha Ratta,1964-11-10,60,Male,AB+,24.6,"531, Chada",570007,Depression,99,77
4672,4673,P4673-6912-2,Aarav Varty,1969-12-20,55,Female,AB-,22.8,"H.No. 42, Thakkar Marg",570002,Gout,81,72
4673,4674,P4674-9712-1,Parinaaz Kohli,1997-12-15,27,Male,O+,20.4,"972
Thaker Chowk",561009,Depression,57,59
4674,4675,P4675-7012-2,Samarth Borde,1970-12-09,54,Female,B+,24.5,"810
Bajaj Path",560020,Hypertension,98,20
4675,4676,P4676-6010-2,Myra Sunder,1960-10-25,64,Female,A+,23.1,"H.No. 983, Devan Chowk",562005,Dementia,84,65
4676,4677,P4677-5106-1,Kashvi Shere,1951-06-30,74,Male,O+,26.3,"84/353, Mangal",560025,Diabetes,116,25
4677,4678,P4678-9812-2,Alisha Contractor,1998-12-02,26,Female,O+,24.4,"61/80
Shukla Road",570008,Healthy,97,78
4678,4679,P4679-8709-2,Nitya Vora,1987-09-14,37,Female,B+,28.2,"H.No. 853, Deep Chowk",560020,Asthma,135,20
4679,4680,P4680-4405-2,Oorja Ganesh,1944-05-14,81,Female,A+,23.3,"97
Bajwa Marg",560203,Sleep Apnea,86,44
4680,4681,P4681-6804-1,Reyansh Badal,1968-04-25,57,Male,AB+,27.9,"H.No. 490, Subramanian Nagar",560029,Asthma,132,29
4681,4682,P4682-5808-2,Shamik Kohli,1958-08-26,66,Female,B+,21.0,"H.No. 317
Dugar Chowk",572008,Hypertension,63,98
4682,4683,P4683-5809-2,Hunar Mani,1958-09-08,66,Female,AB+,25.5,"17/703
Jain Zila",560016,Sleep Apnea,108,16
4683,4684,P4684-6010-2,Priyansh Bir,1960-10-26,64,Female,O+,21.6,"H.No. 13, Dua Marg",561008,Heart Disease,69,58
4684,4685,P4685-8403-2,Amira Saraf,1984-03-18,41,Female,A-,24.1,"890, Divan Nagar",562005,Heart Disease,94,65
4685,4686,P4686-7209-2,Aradhya Anne,1972-09-01,52,Female,B-,21.0,"16
Dutt Nagar",560201,Heart Disease,63,42
4686,4687,P4687-4612-1,Anvi Wason,1946-12-19,78,Male,AB+,24.0,"39/25
Goda",560028,Depression,93,28
4687,4688,P4688-9501-1,Jhanvi Verma,1995-01-27,30,Male,O+,22.8,"H.No. 144
Mander Circle",560004,Hypertension,81,4
4688,4689,P4689-9906-1,Rasha Datta,1999-06-04,26,Male,AB+,26.7,"64/90
Kapadia Street",560004,Osteoporosis,120,4
4689,4690,P4690-9001-1,Fateh Kar,1990-01-28,35,Male,AB+,24.2,"28
Chopra Nagar",560007,Sleep Apnea,95,7
4690,4691,P4691-5304-2,Yuvaan Sinha,1953-04-29,72,Female,B+,21.8,"H.No. 736
Halder Nagar",572006,Asthma,71,96
4691,4692,P4692-5403-1,Divij Comar,1954-03-22,71,Male,O+,23.4,"37, Chadha Marg",562009,Sleep Apnea,87,69
4692,4693,P4693-5302-1,Ela Gole,1953-02-16,72,Male,O+,29.1,"H.No. 25
Bhattacharyya Street",570005,Dementia,144,75
4693,4694,P4694-4709-1,Mahika Virk,1947-09-24,77,Male,AB+,25.0,"256, Verma",561002,Depression,103,52
4694,4695,P4695-5812-2,Indranil Sama,1958-12-29,66,Female,O+,22.2,"H.No. 72, Chander",560003,Diabetes,75,3
4695,4696,P4696-9501-1,Ehsaan Tak,1995-01-18,30,Male,O+,21.7,"23/621, Varughese Path",570005,Diabetes,70,75
4696,4697,P4697-5908-1,Pari Kant,1959-08-23,65,Male,B+,21.3,"37
Gill Marg",560105,Sleep Apnea,66,36
4697,4698,P4698-7801-2,Shlok Gaba,1978-01-02,47,Female,A+,25.3,"608, Sharma Chowk",572004,Hypertension,106,94
4698,4699,P4699-5103-1,Mahika Baria,1951-03-22,74,Male,O+,25.9,"H.No. 35, Zachariah Nagar",560203,Depression,112,44
4699,4700,P4700-8109-2,Devansh Trivedi,1981-09-14,43,Female,B-,27.8,"98/05
Badal Chowk",560106,Asthma,131,37
4700,4701,P4701-4904-2,Anay Mannan,1949-04-19,76,Female,A+,23.6,"H.No. 36
Sridhar Path",560207,Heart Disease,89,48
4701,4702,P4702-5705-1,Samiha Balakrishnan,1957-05-18,68,Male,B+,28.1,"43
Suresh Chowk",560102,Healthy,134,33
4702,4703,P4703-6906-2,Zara Tak,1969-06-09,56,Female,O+,24.4,"19/247, Shere",560209,Gout,97,50
4703,4704,P4704-8209-1,Renee Sunder,1982-09-07,42,Male,B+,20.8,"89/74, Barad Street",572010,Osteoporosis,61,100
4704,4705,P4705-5707-1,Aaina Jayaraman,1957-07-22,67,Male,O-,23.1,"16/983
Mangat Zila",571006,Healthy,84,86
4705,4706,P4706-7108-1,Bhavin Sankar,1971-08-07,53,Male,O+,24.1,"40/959, Bawa Zila",572007,Osteoporosis,94,97
4706,4707,P4707-5606-1,Zeeshan Dyal,1956-06-03,69,Male,B+,24.8,"H.No. 54
Sachdev Road",562010,Diabetes,101,70
4707,4708,P4708-5907-1,Trisha Mannan,1959-07-07,66,Male,O-,26.2,"H.No. 29
Kulkarni",571009,Gout,115,89
4708,4709,P4709-8905-2,Jayesh Ratta,1989-05-08,36,Female,O+,24.4,"H.No. 783, Bawa Zila",561004,Heart Disease,97,54
4709,4710,P4710-8904-1,Nirvaan Bhatt,1989-04-05,36,Male,O-,24.7,"H.No. 31, Malhotra Ganj",571006,Hypertension,100,86
4710,4711,P4711-6402-2,Jayesh Deshpande,1964-02-06,61,Female,A+,22.5,"H.No. 905
Mallick Circle",571007,Dementia,78,87
4711,4712,P4712-9803-2,Nakul Bakshi,1998-03-04,27,Female,A-,26.7,"H.No. 79, Andra Nagar",571008,Epilepsy,120,88
4712,4713,P4713-7607-1,Dhanush Bhatti,1976-07-07,49,Male,A+,23.3,"76/63, Anand Marg",570007,Heart Disease,86,77
4713,4714,P4714-4102-2,Yakshit Warrior,1941-02-03,84,Female,B+,26.9,"082
Mahajan Nagar",560004,Diabetes,122,4
4714,4715,P4715-8612-2,Aaina Anand,1986-12-26,38,Female,O-,27.5,"457
Brar Zila",560015,Sleep Apnea,128,15
4715,4716,P4716-0003-1,Sumer Sidhu,2000-03-13,25,Male,O-,20.0,"565, Mannan Nagar",560015,Gout,53,15
4716,4717,P4717-4805-2,Nirvi Keer,1948-05-06,77,Female,O+,22.7,"99
Kota Circle",561002,Gout,80,52
4717,4718,P4718-5207-1,Purab Dar,1952-07-20,72,Male,B+,22.8,"08, Sathe Road",561001,Gout,81,51
4718,4719,P4719-5707-2,Shlok Lal,1957-07-20,67,Female,B+,25.7,"14, Sani Ganj",561004,Healthy,110,54
4719,4720,P4720-6105-2,Zain Ben,1961-05-03,64,Female,A+,21.3,"H.No. 248, Kibe Road",572003,Osteoporosis,66,93
4720,4721,P4721-8605-2,Nitya Apte,1986-05-14,39,Female,B+,22.8,"625
Gera Street",560020,Hypertension,81,20
4721,4722,P4722-6708-2,Tushar Chaudhari,1967-08-27,57,Female,A+,23.3,"61
Dixit Road",560007,Gout,86,7
4722,4723,P4723-4507-2,Nitya Gulati,1945-07-25,79,Female,B+,24.4,"H.No. 90
Ganesh Nagar",560101,Diabetes,97,32
4723,4724,P4724-8807-1,Darshit Bath,1988-07-27,36,Male,O+,23.0,"H.No. 702, Sandhu Path",560204,Epilepsy,83,45
4724,4725,P4725-9305-2,Manjari Balasubramanian,1993-05-22,32,Female,O+,24.0,"H.No. 69
Balan Street",560004,Epilepsy,93,4
4725,4726,P4726-7405-1,Samiha Goda,1974-05-13,51,Male,A+,21.9,"487
Sarraf Road",560009,Osteoporosis,72,9
4726,4727,P4727-8310-1,Divyansh Barad,1983-10-25,41,Male,A+,25.1,"84/467
Sarna",572006,Epilepsy,104,96
4727,4728,P4728-8105-1,Uthkarsh Hans,1981-05-17,44,Male,A+,23.6,"H.No. 64
Devan Circle",570003,Gout,89,73
4728,4729,P4729-6701-2,Eva Tandon,1967-01-10,58,Female,O+,27.4,"34/856
Gola Road",560022,Asthma,127,22
4729,4730,P4730-9910-1,Romil Lata,1999-10-02,25,Male,AB+,24.2,"17/636, Vaidya Chowk",561002,Healthy,95,52
4730,4731,P4731-0111-1,Hrishita Bhatia,2001-11-06,23,Male,O-,23.8,"18
Buch Ganj",560202,Diabetes,91,43
4731,4732,P4732-0202-2,Nishith Barad,2002-02-07,23,Female,O+,24.7,"42, Samra Path",560107,Sleep Apnea,100,38
4732,4733,P4733-0304-2,Hunar Lad,2003-04-15,22,Female,A-,23.0,"H.No. 00, Jaggi Road",560018,Hypertension,83,18
4733,4734,P4734-8103-2,Adira Sahota,1981-03-12,44,Female,B-,23.5,"78/48
Kamdar Street",560029,Sleep Apnea,88,29
4734,4735,P4735-8711-2,Gokul Baral,1987-11-23,37,Female,O+,20.3,"H.No. 99
Ganesan Chowk",561010,Epilepsy,56,60
4735,4736,P4736-7909-1,Rohan Bhandari,1979-09-26,45,Male,A+,24.4,"76
Hans Marg",560105,Asthma,97,36
4736,4737,P4737-5407-2,Dharmajan Kashyap,1954-07-11,71,Female,O+,22.6,"94/742
Sachdeva Zila",570007,Asthma,79,77
4737,4738,P4738-7805-1,Nehmat Golla,1978-05-20,47,Male,A-,25.0,"013, Ramaswamy Chowk",560209,Depression,103,50
4738,4739,P4739-8606-2,Mannat Venkataraman,1986-06-01,39,Female,AB+,23.8,"70/529, Dhingra Street",560020,Diabetes,91,20
4739,4740,P4740-7003-2,Jayant Bassi,1970-03-07,55,Female,O+,25.3,"H.No. 474
Atwal Path",570008,Diabetes,106,78
4740,4741,P4741-6102-2,Aarna Varkey,1961-02-05,64,Female,O+,26.8,"H.No. 197, Raj Chowk",570007,Heart Disease,121,77
4741,4742,P4742-4407-2,Charvi Tandon,1944-07-27,80,Female,O+,24.7,"H.No. 58
Sibal Marg",560020,Gout,100,20
4742,4743,P4743-9511-2,Amani Sagar,1995-11-22,29,Female,B+,28.8,"H.No. 098, Dar Street",571006,Depression,141,86
4743,4744,P4744-9401-1,Diya Varghese,1994-01-28,31,Male,AB+,21.9,"237, Bajwa",560206,Healthy,72,47
4744,4745,P4745-7408-1,Lagan Gulati,1974-08-18,50,Male,O-,28.2,"H.No. 328
Kant Chowk",560102,Epilepsy,135,33
4745,4746,P4746-9903-1,Aayush Kaur,1999-03-13,26,Male,A-,25.1,"48/84, Kohli Street",571001,Dementia,104,81
4746,4747,P4747-9509-2,Uthkarsh Sankaran,1995-09-11,29,Female,O+,19.7,"52/10, Kala Path",571006,Hypertension,50,86
4747,4748,P4748-5902-2,Samarth Chakrabarti,1959-02-10,66,Female,O+,23.7,"125, Kari Chowk",560012,Depression,90,12
4748,4749,P4749-8901-2,Tejas Sengupta,1989-01-27,36,Female,O+,26.5,"H.No. 82, Rajagopal Chowk",560017,Dementia,118,17
4749,4750,P4750-6801-1,Kiara Barad,1968-01-07,57,Male,O+,24.1,"H.No. 98, Zachariah",562007,Hypertension,94,67
4750,4751,P4751-4711-2,Yakshit Chatterjee,1947-11-16,77,Female,O+,23.1,"20/970
Kakar Circle",572009,Asthma,84,99
4751,4752,P4752-7108-1,Anika Varughese,1971-08-16,53,Male,O-,23.1,"H.No. 80
Majumdar Circle",560203,Epilepsy,84,44
4752,4753,P4753-9803-1,Kaira Grewal,1998-03-30,27,Male,O+,24.2,"H.No. 42, Thaman Street",571010,Healthy,95,90
4753,4754,P4754-7205-2,Kiaan Dugal,1972-05-21,53,Female,B+,25.8,"63/314
Sathe Nagar",560019,Dementia,111,19
4754,4755,P4755-9903-1,Fateh Gara,1999-03-16,26,Male,O-,17.8,"406, Bhagat Ganj",560020,Depression,31,20
4755,4756,P4756-8206-1,Ryan Bhandari,1982-06-29,43,Male,O-,23.5,"462, Sarma Path",571003,Hypertension,88,83
4756,4757,P4757-8310-2,Nirvi Bumb,1983-10-26,41,Female,AB+,23.7,"732
Desai Nagar",560102,Sleep Apnea,90,33
4757,4758,P4758-9911-2,Sumer Sarraf,1999-11-01,25,Female,A-,24.0,"H.No. 40
Sidhu Street",562002,Hypertension,93,62
4758,4759,P4759-6702-1,Mohanlal Dara,1967-02-26,58,Male,B+,22.6,"899
Borra Path",560021,Diabetes,79,21
4759,4760,P4760-8501-1,Ira Mander,1985-01-14,40,Male,A+,20.9,"11/409
Choudhary Street",560006,Dementia,62,6
4760,4761,P4761-7707-1,Siya Viswanathan,1977-07-21,47,Male,B-,25.4,"625, Wagle Chowk",561001,Gout,107,51
4761,4762,P4762-6007-1,Prerak Varghese,1960-07-15,65,Male,O+,27.1,"335
Sandhu Street",560206,Epilepsy,124,47
4762,4763,P4763-6504-1,Taimur Keer,1965-04-20,60,Male,AB+,25.0,"H.No. 637
Varughese Zila",560024,Diabetes,103,24
4763,4764,P4764-5012-2,Umang Shankar,1950-12-24,74,Female,B+,26.0,"364
Golla Chowk",560029,Epilepsy,113,29
4764,4765,P4765-6404-2,Baiju Kulkarni,1964-04-15,61,Female,AB+,21.0,"H.No. 93
Choudhry",560006,Healthy,63,6
4765,4766,P4766-6808-2,Kavya Batta,1968-08-05,56,Female,B-,25.4,"11/262, Deshmukh Circle",570001,Depression,107,71
4766,4767,P4767-6509-2,Jayant Warrior,1965-09-28,59,Female,AB+,22.4,"H.No. 53, Loke Road",571006,Asthma,77,86
4767,4768,P4768-4201-1,Aaryahi Sekhon,1942-01-31,83,Male,A+,26.2,"36/705
Chaudhry",560007,Diabetes,115,7
4768,4769,P4769-4004-1,Akarsh Cherian,1940-04-13,85,Male,O+,23.3,"H.No. 359
Bhattacharyya Circle",560018,Healthy,86,18
4769,4770,P4770-6501-1,Navya Dora,1965-01-12,60,Male,A+,26.5,"409
Ratti Road",560202,Heart Disease,118,43
4770,4771,P4771-4612-1,Aarav Hari,1946-12-03,78,Male,O+,21.9,"366, Andra",560109,Hypertension,72,40
4771,4772,P4772-0101-1,Nirvi Master,2001-01-07,24,Male,B-,25.5,"520, Rastogi Ganj",560005,Epilepsy,108,5
4772,4773,P4773-5202-2,Ojas Khosla,1952-02-17,73,Female,B+,26.2,"900, Dara Ganj",560101,Gout,115,32
4773,4774,P4774-7706-1,Mahika Ravel,1977-06-30,48,Male,B+,22.8,"506
Dutta Circle",570006,Depression,81,76
4774,4775,P4775-9707-2,Hazel Ghosh,1997-07-31,27,Female,A+,20.6,"21
Ganesh Street",570007,Healthy,59,77
4775,4776,P4776-5803-2,Purab Barad,1958-03-21,67,Female,A-,24.0,"31/229
Tella Circle",560011,Hypertension,93,11
4776,4777,P4777-4303-1,Trisha Varughese,1943-03-07,82,Male,O+,25.3,"96/33, Ratta Zila",561002,Gout,106,52
4777,4778,P4778-8507-2,Farhan Bansal,1985-07-01,40,Female,O+,23.3,"64
Uppal Ganj",571009,Healthy,86,89
4778,4779,P4779-5710-2,Elakshi Shere,1957-10-03,67,Female,AB+,23.7,"H.No. 644, Bhargava Marg",560101,Hypertension,90,32
4779,4780,P4780-6001-1,Indrans Toor,1960-01-12,65,Male,A+,26.7,"737, Dara Circle",560023,Diabetes,120,23
4780,4781,P4781-8403-2,Armaan Dhawan,1984-03-08,41,Female,A+,25.5,"60/583, Borah Street",562007,Diabetes,108,67
4781,4782,P4782-7403-2,Tushar Chowdhury,1974-03-09,51,Female,B-,20.9,"991, Chanda Circle",560103,Asthma,62,34
4782,4783,P4783-4112-2,Tara Venkatesh,1941-12-06,83,Female,A+,25.5,"58
Sani Road",562001,Dementia,108,61
4783,4784,P4784-7606-2,Shlok Ahuja,1976-06-07,49,Female,O+,25.9,"H.No. 483, Khatri Chowk",560004,Healthy,112,4
4784,4785,P4785-7904-1,Divyansh Das,1979-04-09,46,Male,B+,26.3,"H.No. 402
Mani Zila",561007,Sleep Apnea,116,57
4785,4786,P4786-8409-1,Piya Rao,1984-09-24,40,Male,A+,20.1,"794
Ramanathan Path",560201,Gout,54,42
4786,4787,P4787-9208-1,Jiya Bhagat,1992-08-24,32,Male,O+,25.6,"931, Verma Nagar",560019,Epilepsy,109,19
4787,4788,P4788-9802-1,Himmat Sarna,1998-02-04,27,Male,O-,26.0,"H.No. 072
Saha",560102,Diabetes,113,33
4788,4789,P4789-8606-1,Onkar Kannan,1986-06-23,39,Male,A+,24.7,"34, Dora Zila",560018,Depression,100,18
4789,4790,P4790-6703-2,Keya Gill,1967-03-04,58,Female,A+,24.7,"H.No. 694, Dugal Chowk",572001,Heart Disease,100,91
4790,4791,P4791-8804-2,Ryan Cherian,1988-04-17,37,Female,O+,24.2,"H.No. 01, Kapoor Street",570002,Osteoporosis,95,72
4791,4792,P4792-9608-2,Amira Bumb,1996-08-10,28,Female,O+,23.3,"38/10, Kapur Circle",560106,Epilepsy,86,37
4792,4793,P4793-7007-2,Hansh Bhatt,1970-07-28,54,Female,B+,25.6,"11/643, Sunder Chowk",571010,Epilepsy,109,90
4793,4794,P4794-9104-2,Kashvi Tara,1991-04-11,34,Female,B+,21.5,"84/645, Kumer Road",560104,Depression,68,35
4794,4795,P4795-9608-2,Tarini Gala,1996-08-07,28,Female,B+,24.7,"700, Goda Path",560105,Gout,100,36
4795,4796,P4796-9302-2,Dhanush Shenoy,1993-02-17,32,Female,O+,18.5,"59/299, Dayal Zila",570004,Sleep Apnea,38,74
4796,4797,P4797-6411-2,Hazel Dass,1964-11-15,60,Female,O+,26.5,"86/98
Bhagat Zila",572006,Sleep Apnea,118,96
4797,4798,P4798-4007-2,Jiya Dutt,1940-07-05,85,Female,O-,24.6,"73, Varma",560010,Osteoporosis,99,10
4798,4799,P4799-5204-1,Arnav Iyengar,1952-04-21,73,Male,B+,25.5,"810
Rau Zila",560029,Asthma,108,29
4799,4800,P4800-5403-2,Vivaan Bhavsar,1954-03-17,71,Female,O-,28.4,"H.No. 244
Viswanathan Zila",561001,Healthy,137,51
4800,4801,P4801-5506-1,Divyansh Kannan,1955-06-06,70,Male,A-,24.1,"H.No. 316, Doctor Path",562006,Gout,94,66
4801,4802,P4802-5107-1,Navya Sanghvi,1951-07-29,73,Male,B+,24.2,"H.No. 430
Bera",562003,Dementia,95,63
4802,4803,P4803-8403-1,Lakshit Tailor,1984-03-27,41,Male,B-,24.1,"H.No. 35, Bir Circle",572006,Gout,94,96
4803,4804,P4804-6712-1,Aaryahi Sane,1967-12-23,57,Male,B-,26.3,"15/53, Vora Chowk",560002,Epilepsy,116,2
4804,4805,P4805-7108-1,Jayan Apte,1971-08-11,53,Male,B-,25.6,"41/095, Bajwa Path",572008,Heart Disease,109,98
4805,4806,P4806-5410-1,Anaya Zachariah,1954-10-01,70,Male,O+,27.8,"H.No. 823
Batra Circle",560003,Heart Disease,131,3
4806,4807,P4807-7308-1,Rhea Sinha,1973-08-30,51,Male,A-,26.4,"55/19, Handa Chowk",560030,Heart Disease,117,30
4807,4808,P4808-7907-2,Manikya Raman,1979-07-09,46,Female,O+,22.2,"H.No. 133, Chawla",562005,Sleep Apnea,75,65
4808,4809,P4809-7301-1,Shlok Choudhry,1973-01-21,52,Male,O+,24.6,"H.No. 869, Handa Marg",560013,Diabetes,99,13
4809,4810,P4810-8311-2,Kanav Jani,1983-11-18,41,Female,AB+,20.9,"92, Sunder Marg",572010,Dementia,62,100
4810,4811,P4811-9507-2,Aarav Majumdar,1995-07-25,29,Female,B+,25.1,"75/95, Buch Circle",570008,Hypertension,104,78
4811,4812,P4812-8103-2,Abram Tandon,1981-03-21,44,Female,A+,22.9,"H.No. 45
Mann Street",560022,Gout,82,22
4812,4813,P4813-5308-2,Zoya Kant,1953-08-27,71,Female,B-,23.8,"H.No. 14
Viswanathan Road",560010,Healthy,91,10
4813,4814,P4814-4209-1,Madhav Sahota,1942-09-02,82,Male,AB+,21.3,"997
Desai Circle",561003,Epilepsy,66,53
4814,4815,P4815-8204-2,Charvi Ratta,1982-04-07,43,Female,A+,25.5,"H.No. 452
Sethi Path",560003,Diabetes,108,3
4815,4816,P4816-6004-1,Kashvi Dave,1960-04-01,65,Male,O+,22.4,"25/38, Dewan Zila",560200,Heart Disease,77,41
4816,4817,P4817-7503-2,Aarna Sant,1975-03-13,50,Female,O+,22.9,"514, Saini Marg",560207,Asthma,82,48
4817,4818,P4818-5207-1,Aarav Sagar,1952-07-12,73,Male,A+,24.2,"H.No. 266, Bobal Ganj",562008,Sleep Apnea,95,68
4818,4819,P4819-6409-2,Khushi Deshmukh,1964-09-04,60,Female,A-,25.3,"H.No. 317, Magar Zila",562001,Diabetes,106,61
4819,4820,P4820-8405-1,Ishaan Khalsa,1984-05-01,41,Male,B-,21.7,"02/480, Kant Street",560109,Dementia,70,40
4820,4821,P4821-5704-2,Indrans Ray,1957-04-26,68,Female,O+,21.2,"H.No. 946
Dar Path",560028,Asthma,65,28
4821,4822,P4822-8207-1,Gokul Ramakrishnan,1982-07-06,43,Male,AB+,24.2,"H.No. 620
Kurian Nagar",560101,Osteoporosis,95,32
4822,4823,P4823-8811-2,Ira Chawla,1988-11-03,36,Female,O+,21.4,"55
D’Alia Path",561002,Dementia,67,52
4823,4824,P4824-4804-1,Kavya Chada,1948-04-03,77,Male,AB+,25.2,"H.No. 37
Wali Nagar",560103,Sleep Apnea,105,34
4824,4825,P4825-9409-2,Darshit Kothari,1994-09-25,30,Female,O+,23.2,"H.No. 993
Kaur Circle",572004,Diabetes,85,94
4825,4826,P4826-5012-2,Reyansh Venkatesh,1950-12-19,74,Female,O+,22.7,"966
Singhal Path",560022,Healthy,80,22
4826,4827,P4827-4404-2,Madhup Thaker,1944-04-26,81,Female,B+,23.1,"H.No. 05
Doshi Road",561004,Asthma,84,54
4827,4828,P4828-4411-2,Aarush Tandon,1944-11-30,80,Female,O+,25.6,"185
Mangal Street",560025,Healthy,109,25
4828,4829,P4829-7208-1,Zeeshan Deshmukh,1972-08-01,52,Male,O-,23.5,"88, Issac Marg",562010,Depression,88,70
4829,4830,P4830-9301-2,Eva Divan,1993-01-21,32,Female,A+,26.2,"H.No. 846, Iyengar Ganj",561004,Healthy,115,54
4830,4831,P4831-8911-1,Mannat Vig,1989-11-05,35,Male,O+,22.7,"H.No. 61
Shukla Ganj",560104,Epilepsy,80,35
4831,4832,P4832-5003-2,Seher Borah,1950-03-05,75,Female,A+,24.5,"H.No. 07, Khurana Street",560209,Diabetes,98,50
4832,4833,P4833-4103-2,Umang Karpe,1941-03-13,84,Female,AB-,22.4,"H.No. 80
Goel Ganj",572002,Dementia,77,92
4833,4834,P4834-8511-1,Shaan Kadakia,1985-11-04,39,Male,A+,27.0,"443, Deshmukh Chowk",570006,Diabetes,123,76
4834,4835,P4835-0412-1,Dishani Barad,2004-12-02,20,Male,A+,20.2,"98
Kota Zila",571006,Hypertension,55,86
4835,4836,P4836-7802-2,Sana Venkatesh,1978-02-15,47,Female,B+,22.2,"H.No. 363, Bath Ganj",560022,Epilepsy,75,22
4836,4837,P4837-6107-1,Zain Bali,1961-07-29,63,Male,O-,25.2,"17/84
Suresh Chowk",560206,Dementia,105,47
4837,4838,P4838-5611-2,Ryan Deep,1956-11-27,68,Female,O+,22.1,"H.No. 27, Chand Nagar",560109,Hypertension,74,40
4838,4839,P4839-5105-1,Riya Sinha,1951-05-18,74,Male,O+,22.2,"H.No. 382
Bahl Road",560103,Osteoporosis,75,34
4839,4840,P4840-8006-2,Amani Mangal,1980-06-21,45,Female,O+,25.4,"H.No. 204, Goda Chowk",571010,Heart Disease,107,90
4840,4841,P4841-9512-2,Fateh Brahmbhatt,1995-12-17,29,Female,O+,24.9,"76/169
Arora Chowk",570010,Hypertension,102,80
4841,4842,P4842-6901-2,Rasha Joshi,1969-01-25,56,Female,B-,22.5,"71/298
Aggarwal Marg",560105,Healthy,78,36
4842,4843,P4843-7306-1,Sara Sidhu,1973-06-10,52,Male,O+,26.6,"75
Kibe Path",572007,Sleep Apnea,119,97
4843,4844,P4844-7307-1,Heer Amble,1973-07-13,52,Male,A+,24.1,"67
Taneja Chowk",560107,Osteoporosis,94,38
4844,4845,P4845-6302-2,Mahika Chandra,1963-02-15,62,Female,O+,26.4,"H.No. 722
Sinha Road",560006,Osteoporosis,117,6
4845,4846,P4846-8801-1,Elakshi Sood,1988-01-11,37,Male,AB+,26.2,"564
Cherian Zila",560202,Sleep Apnea,115,43
4846,4847,P4847-4909-1,Vardaniya Bansal,1949-09-23,75,Male,O+,26.4,"H.No. 058
Ramanathan Road",570003,Heart Disease,117,73
4847,4848,P4848-7311-2,Zaina Ratta,1973-11-07,51,Female,B+,24.0,"330
Bhatnagar Circle",560017,Sleep Apnea,93,17
4848,4849,P4849-8911-1,Damini Malhotra,1989-11-12,35,Male,O-,23.6,"72/642
Brahmbhatt Circle",571009,Asthma,89,89
4849,4850,P4850-6410-2,Aayush Goda,1964-10-29,60,Female,O+,24.2,"176
Datta Ganj",561004,Sleep Apnea,95,54
4850,4851,P4851-8108-1,Kismat Chanda,1981-08-03,43,Male,O+,24.6,"H.No. 553, Goda Chowk",560203,Depression,99,44
4851,4852,P4852-6101-1,Yuvaan Kalla,1961-01-22,64,Male,A-,23.3,"77/340, Doshi Zila",560209,Asthma,86,50
4852,4853,P4853-7310-1,Darshit Hora,1973-10-16,51,Male,A+,24.2,"H.No. 13, Gour Chowk",560002,Heart Disease,95,2
4853,4854,P4854-5711-1,Kaira Vaidya,1957-11-07,67,Male,AB+,20.3,"H.No. 62, Rajagopalan Zila",560107,Healthy,56,38
4854,4855,P4855-6301-2,Shanaya Zacharia,1963-01-09,62,Female,O+,21.4,"992
Rana Street",562006,Depression,67,66
4855,4856,P4856-8207-1,Diya Sidhu,1982-07-13,42,Male,A-,25.1,"57
Agarwal Circle",570002,Sleep Apnea,104,72
4856,4857,P4857-4703-1,Mishti Goswami,1947-03-20,78,Male,O+,25.2,"09
Chacko",560008,Sleep Apnea,105,8
4857,4858,P4858-5001-1,Anaya Varty,1950-01-10,75,Male,A+,25.9,"287, Chander Circle",560109,Asthma,112,40
4858,4859,P4859-5502-2,Anay Sundaram,1955-02-14,70,Female,O+,25.5,"54/81
Sandal Zila",560209,Depression,108,50
4859,4860,P4860-6601-2,Mamooty Thaman,1966-01-13,59,Female,A-,21.4,"H.No. 291, Viswanathan Chowk",571007,Healthy,67,87
4860,4861,P4861-6009-2,Vritika Date,1960-09-05,64,Female,A+,24.3,"72
Dara Street",560007,Heart Disease,96,7
4861,4862,P4862-6408-1,Azad Kala,1964-08-02,60,Male,O+,23.4,"80/806
Lata",562004,Osteoporosis,87,64
4862,4863,P4863-6209-1,Kiaan Viswanathan,1962-09-29,62,Male,O+,23.2,"863, Rajagopal Road",560026,Heart Disease,85,26
4863,4864,P4864-6410-2,Aradhya Srivastava,1964-10-22,60,Female,B+,24.4,"388
Kumar Ganj",560028,Healthy,97,28
4864,4865,P4865-9909-1,Nayantara Ratta,1999-09-28,25,Male,O+,23.2,"29
Chowdhury Street",560004,Diabetes,85,4
4865,4866,P4866-8106-1,Saira Sani,1981-06-30,44,Male,A+,25.3,"45
Dugar Chowk",560101,Depression,106,32
4866,4867,P4867-8307-1,Riaan Brahmbhatt,1983-07-18,41,Male,O+,23.0,"436, Srinivasan Ganj",560022,Depression,83,22
4867,4868,P4868-7110-1,Shayak Bassi,1971-10-15,53,Male,B+,24.9,"H.No. 577, Kashyap Zila",560005,Hypertension,102,5
4868,4869,P4869-9607-2,Kashvi Karnik,1996-07-22,28,Female,O+,24.0,"795
Tank Road",560008,Healthy,93,8
4869,4870,P4870-4612-1,Khushi Bhavsar,1946-12-23,78,Male,B-,24.6,"H.No. 313, Doshi Nagar",570009,Hypertension,99,79
4870,4871,P4871-8409-2,Amira Batra,1984-09-05,40,Female,AB+,22.1,"602, Zacharia",560102,Asthma,74,33
4871,4872,P4872-8812-2,Yashvi Cherian,1988-12-07,36,Female,O+,25.6,"H.No. 55, Varty Marg",560201,Sleep Apnea,109,42
4872,4873,P4873-7305-1,Saksham Sheth,1973-05-09,52,Male,O+,21.9,"H.No. 611, Srinivas Nagar",571004,Heart Disease,72,84
4873,4874,P4874-8406-2,Yuvraj  Tailor,1984-06-26,41,Female,B-,21.1,"84/149
Bava",560029,Asthma,64,29
4874,4875,P4875-4112-1,Kiaan Venkataraman,1941-12-05,83,Male,O+,26.7,"H.No. 13, Jha Nagar",561003,Healthy,120,53
4875,4876,P4876-6908-1,Rohan Goel,1969-08-09,55,Male,B+,23.6,"H.No. 263
Gola Path",560003,Osteoporosis,89,3
4876,4877,P4877-5904-1,Yakshit Gala,1959-04-09,66,Male,O+,22.6,"H.No. 51, Baria Marg",560019,Sleep Apnea,79,19
4877,4878,P4878-0305-1,Vidur Rajagopal,2003-05-03,22,Male,B+,24.2,"H.No. 604, Chakrabarti Nagar",560019,Hypertension,95,19
4878,4879,P4879-8307-1,Hrishita Cheema,1983-07-13,41,Male,A+,24.6,"H.No. 399, Krishna",570001,Heart Disease,99,71
4879,4880,P4880-8511-1,Shalv Raja,1985-11-30,39,Male,A+,25.9,"79, Mahajan Street",572009,Gout,112,99
4880,4881,P4881-5912-1,Hrishita Rajan,1959-12-24,65,Male,A+,26.7,"93/489, Batta Chowk",570005,Heart Disease,120,75
4881,4882,P4882-6106-1,Jivin Singh,1961-06-12,64,Male,B+,21.4,"93
Tripathi",561009,Gout,67,59
4882,4883,P4883-0102-2,Rania Devi,2001-02-27,24,Female,B+,22.8,"H.No. 93, Dubey Marg",560206,Diabetes,81,47
4883,4884,P4884-5602-2,Nayantara Kata,1956-02-03,69,Female,O+,25.7,"718, Chowdhury Zila",572005,Osteoporosis,110,95
4884,4885,P4885-9510-1,Indrajit Chaudhari,1995-10-09,29,Male,A+,24.9,"59
Solanki Circle",560010,Osteoporosis,102,10
4885,4886,P4886-8507-2,Lakshit Sen,1985-07-10,40,Female,A+,28.2,"25
Srivastava Ganj",562009,Asthma,135,69
4886,4887,P4887-8011-2,Kavya Gour,1980-11-16,44,Female,B+,27.8,"76/036
Bains Nagar",571008,Depression,131,88
4887,4888,P4888-5202-2,Nishith Karan,1952-02-17,73,Female,A-,24.7,"005
Atwal Ganj",561003,Sleep Apnea,100,53
4888,4889,P4889-7811-1,Ivan Kumar,1978-11-18,46,Male,O-,21.5,"H.No. 07, Chaudhry Marg",560016,Dementia,68,16
4889,4890,P4890-4702-1,Saksham Tak,1947-02-16,78,Male,O+,23.0,"59/67
Koshy Street",560009,Epilepsy,83,9
4890,4891,P4891-7303-1,Hrishita Kota,1973-03-29,52,Male,O-,26.7,"H.No. 20
Ramaswamy Street",560004,Epilepsy,120,4
4891,4892,P4892-6110-1,Nishith Warrior,1961-10-22,63,Male,O+,24.4,"H.No. 08, Venkataraman Path",560103,Diabetes,97,34
4892,4893,P4893-4304-1,Kavya Barman,1943-04-27,82,Male,B+,23.1,"H.No. 030, Mani",560200,Epilepsy,84,41
4893,4894,P4894-7109-1,Dharmajan Grover,1971-09-29,53,Male,B+,26.8,"H.No. 65, Taneja Zila",562001,Sleep Apnea,121,61
4894,4895,P4895-9412-2,Oorja Loke,1994-12-05,30,Female,A+,20.1,"H.No. 067, Khurana Path",571007,Osteoporosis,54,87
4895,4896,P4896-9505-2,Kabir Kaul,1995-05-19,30,Female,A-,26.7,"H.No. 569
Ben Path",571007,Depression,120,87
4896,4897,P4897-7009-1,Kartik Kuruvilla,1970-09-17,54,Male,A+,22.9,"30
Brahmbhatt Nagar",560007,Sleep Apnea,82,7
4897,4898,P4898-9202-2,Vardaniya Biswas,1992-02-19,33,Female,B+,22.6,"743, Chadha Chowk",560100,Diabetes,79,31
4898,4899,P4899-5612-1,Ryan Kala,1956-12-02,68,Male,O+,24.9,"06/019
Hegde Street",560019,Heart Disease,102,19
4899,4900,P4900-7508-1,Pari Ray,1975-08-10,49,Male,AB-,28.2,"H.No. 71, Sampath Street",560019,Depression,135,19
4900,4901,P4901-4706-2,Badal Jani,1947-06-07,78,Female,B-,27.3,"H.No. 936, Lala",570003,Hypertension,126,73
4901,4902,P4902-4201-1,Jayesh Batta,1942-01-15,83,Male,O+,24.9,"513, Sankar Path",560104,Depression,102,35
4902,4903,P4903-5812-2,Dhanuk Goswami,1958-12-30,66,Female,O+,23.6,"87/84
Bakshi Road",560024,Depression,89,24
4903,4904,P4904-5302-2,Aniruddh Tak,1953-02-26,72,Female,A+,28.2,"71/348
Kade Ganj",561010,Diabetes,135,60
4904,4905,P4905-6908-1,Sumer Bath,1969-08-19,55,Male,A+,22.5,"H.No. 943, Toor Road",560204,Dementia,78,45
4905,4906,P4906-5006-2,Aarush Doshi,1950-06-11,75,Female,AB+,26.3,"H.No. 18
Singhal Street",560109,Osteoporosis,116,40
4906,4907,P4907-8605-2,Aarush Som,1986-05-07,39,Female,B+,27.4,"384
Vala Road",560026,Epilepsy,127,26
4907,4908,P4908-0505-1,Inaaya  Sanghvi,2005-05-10,20,Male,O+,24.6,"H.No. 51, Karnik Chowk",560011,Osteoporosis,99,11
4908,4909,P4909-8212-1,Aaryahi Ahluwalia,1982-12-06,42,Male,O+,23.0,"H.No. 36
Kannan Road",560004,Diabetes,83,4
4909,4910,P4910-6503-1,Manikya Gandhi,1965-03-02,60,Male,O+,25.6,"36, Kaur Path",561006,Dementia,109,56
4910,4911,P4911-6803-1,Jiya Mahajan,1968-03-31,57,Male,O-,24.0,"H.No. 61
Bera Marg",572006,Heart Disease,93,96
4911,4912,P4912-0407-2,Kashvi Aggarwal,2004-07-14,20,Female,AB-,23.1,"98
Sundaram Chowk",560001,Diabetes,84,1
4912,4913,P4913-5408-1,Divij Bumb,1954-08-10,70,Male,O+,22.0,"87/812, Iyengar Road",572004,Asthma,73,94
4913,4914,P4914-4611-1,Jhanvi Manda,1946-11-20,78,Male,B-,23.9,"69/736, Sangha",572002,Depression,92,92
4914,4915,P4915-7609-2,Anya Borah,1976-09-17,48,Female,O+,19.0,"H.No. 254
Sandal Ganj",560011,Gout,43,11
4915,4916,P4916-5011-2,Mahika Gole,1950-11-08,74,Female,B+,24.0,"482
Gara Street",571010,Diabetes,93,90
4916,4917,P4917-9708-2,Sahil Sehgal,1997-08-17,27,Female,O-,25.6,"H.No. 73
Swamy",570005,Sleep Apnea,109,75
4917,4918,P4918-7202-1,Renee Jani,1972-02-19,53,Male,O+,25.8,"H.No. 24
Bava Zila",560104,Healthy,111,35
4918,4919,P4919-4807-1,Dhanush Rajan,1948-07-16,77,Male,O+,20.9,"55/505
Soni Path",572004,Diabetes,62,94
4919,4920,P4920-6110-1,Divij Koshy,1961-10-03,63,Male,B+,25.5,"44/333
Edwin Nagar",560019,Heart Disease,108,19
4920,4921,P4921-5405-1,Tarini Vala,1954-05-07,71,Male,O+,24.8,"50/58, Bansal Zila",560029,Osteoporosis,101,29
4921,4922,P4922-5001-2,Saanvi Dhawan,1950-01-02,75,Female,O+,21.4,"610, Rattan Chowk",571003,Heart Disease,67,83
4922,4923,P4923-6507-2,Tiya Srinivas,1965-07-01,60,Female,B+,21.5,"18/623, Ravi Circle",560206,Hypertension,68,47
4923,4924,P4924-4802-1,Vardaniya Chaudry,1948-02-24,77,Male,A+,26.6,"H.No. 95
De Path",570002,Gout,119,72
4924,4925,P4925-7205-1,Vidur Edwin,1972-05-09,53,Male,O+,24.9,"45, Iyengar Marg",561005,Dementia,102,55
4925,4926,P4926-4708-1,Aarna Swaminathan,1947-08-29,77,Male,O+,24.3,"H.No. 311, Bhatti Circle",560106,Depression,96,37
4926,4927,P4927-5311-1,Gatik Mangal,1953-11-05,71,Male,O-,28.4,"H.No. 23
Barad Zila",562005,Hypertension,137,65
4927,4928,P4928-6206-2,Adah Dutt,1962-06-29,63,Female,A+,23.0,"61
Kanda Road",560012,Heart Disease,83,12
4928,4929,P4929-8105-2,Diya Das,1981-05-24,44,Female,AB+,21.5,"21/55
Handa",561001,Sleep Apnea,68,51
4929,4930,P4930-4611-2,Chirag Subramaniam,1946-11-25,78,Female,A+,21.6,"72
Ram Ganj",560021,Osteoporosis,69,21
4930,4931,P4931-4601-2,Yashvi Goda,1946-01-18,79,Female,O-,27.0,"78/261
Sunder Nagar",571002,Diabetes,123,82
4931,4932,P4932-9612-1,Veer Taneja,1996-12-07,28,Male,O+,23.8,"880, Lad Zila",570005,Heart Disease,91,75
4932,4933,P4933-5801-2,Adah Jaggi,1958-01-20,67,Female,O+,22.8,"80/64, Dayal Chowk",560011,Osteoporosis,81,11
4933,4934,P4934-4804-1,Diya Kaul,1948-04-12,77,Male,O+,19.5,"20/34
Ramesh Zila",560023,Epilepsy,48,23
4934,4935,P4935-8409-2,Neelofar Borra,1984-09-13,40,Female,B+,23.2,"93, Mane Zila",561001,Epilepsy,85,51
4935,4936,P4936-9303-2,Lagan Sant,1993-03-13,32,Female,O-,24.6,"60/04
Solanki Path",562001,Hypertension,99,61
4936,4937,P4937-9706-2,Jhanvi Seth,1997-06-18,28,Female,O+,23.4,"181
Ghose Path",560017,Healthy,87,17
4937,4938,P4938-0501-2,Adira Chaudhuri,2005-01-15,20,Female,B+,23.8,"95/942, Tailor",570003,Gout,91,73
4938,4939,P4939-4208-2,Lagan Choudhury,1942-08-09,82,Female,AB+,30.6,"07, Tandon Zila",560015,Heart Disease,159,15
4939,4940,P4940-9209-2,Kanav Chopra,1992-09-28,32,Female,O-,21.9,"H.No. 73, Raja Chowk",570009,Healthy,72,79
4940,4941,P4941-9909-1,Ahana  Seshadri,1999-09-22,25,Male,A-,21.8,"50/79
Issac Nagar",572003,Healthy,71,93
4941,4942,P4942-9603-1,Priyansh Shere,1996-03-22,29,Male,A+,24.8,"65/089
Halder Road",571010,Depression,101,90
4942,4943,P4943-8309-2,Mehul Chaudhuri,1983-09-24,41,Female,O+,24.2,"136, Kari Nagar",562008,Depression,95,68
4943,4944,P4944-9007-1,Adah Kibe,1990-07-01,35,Male,B+,24.8,"77, Gaba Street",571007,Diabetes,101,87
4944,4945,P4945-9110-2,Stuvan Suresh,1991-10-29,33,Female,B+,22.0,"95/08, Shroff Chowk",560016,Asthma,73,16
4945,4946,P4946-7206-1,Aayush Gokhale,1972-06-01,53,Male,B+,22.2,"H.No. 382
Salvi Zila",570009,Gout,75,79
4946,4947,P4947-7510-2,Sahil Gala,1975-10-24,49,Female,B+,23.5,"41/10, Raj Street",561010,Depression,88,60
4947,4948,P4948-7312-1,Akarsh Bal,1973-12-06,51,Male,O+,24.0,"H.No. 823
Gera Path",560108,Gout,93,39
4948,4949,P4949-6305-1,Zaina Khalsa,1963-05-23,62,Male,AB+,19.9,"97/53
Yogi",560012,Depression,52,12
4949,4950,P4950-8702-1,Chirag Ratta,1987-02-11,38,Male,O+,23.9,"973
Rajagopal Zila",562006,Asthma,92,66
4950,4951,P4951-7407-1,Purab Subramanian,1974-07-03,51,Male,A+,21.6,"216
Bains Circle",560018,Gout,69,18
4951,4952,P4952-4206-2,Hazel Dara,1942-06-17,83,Female,O+,25.3,"H.No. 487, Lala Ganj",570001,Healthy,106,71
4952,4953,P4953-7504-1,Misha Borah,1975-04-29,50,Male,A+,19.9,"35, Wable",560205,Diabetes,52,46
4953,4954,P4954-4406-2,Kimaya Varughese,1944-06-01,81,Female,A+,24.3,"H.No. 07
Biswas Road",560207,Healthy,96,48
4954,4955,P4955-4511-1,Nakul Konda,1945-11-18,79,Male,B+,23.0,"H.No. 66, Choudhury Road",571005,Asthma,83,85
4955,4956,P4956-9404-1,Jivin Bahri,1994-04-22,31,Male,B+,24.9,"55/54
Goswami Marg",560203,Diabetes,102,44
4956,4957,P4957-9502-1,Akarsh Jha,1995-02-16,30,Male,B+,26.4,"29
Sunder Marg",560013,Diabetes,117,13
4957,4958,P4958-6203-1,Azad Kannan,1962-03-18,63,Male,A-,22.0,"H.No. 34
Sankaran Marg",560027,Gout,73,27
4958,4959,P4959-9212-1,Divij Sahota,1992-12-03,32,Male,O+,24.2,"H.No. 325, Ramanathan Path",572007,Dementia,95,97
4959,4960,P4960-4108-1,Stuvan Sant,1941-08-22,83,Male,O-,26.9,"H.No. 87, Iyer Circle",560108,Epilepsy,122,39
4960,4961,P4961-7905-2,Shaan Kaur,1979-05-22,46,Female,O+,25.2,"878
Sunder Road",561003,Depression,105,53
4961,4962,P4962-4811-2,Trisha Das,1948-11-15,76,Female,A-,24.1,"54/45, Samra Ganj",570010,Asthma,94,80
4962,4963,P4963-6309-1,Sahil Sachdev,1963-09-22,61,Male,B+,27.9,"05/201
Gera Nagar",560030,Gout,132,30
4963,4964,P4964-9207-1,Lakshay Dar,1992-07-25,32,Male,A+,22.8,"02/83, Mall",560024,Epilepsy,81,24
4964,4965,P4965-7604-1,Ishita Wadhwa,1976-04-17,49,Male,B+,21.3,"595, Srivastava Street",561004,Gout,66,54
4965,4966,P4966-9405-1,Aniruddh Lanka,1994-05-28,31,Male,O-,24.8,"H.No. 668
Divan Chowk",560026,Sleep Apnea,101,26
4966,4967,P4967-0007-2,Anaya Dhingra,2000-07-02,25,Female,B+,25.7,"21/215
Chaudhari Circle",570009,Depression,110,79
4967,4968,P4968-0506-1,Ranbir Tank,2005-06-27,20,Male,O-,23.8,"12, Hans Zila",571001,Asthma,91,81
4968,4969,P4969-0503-1,Romil Sood,2005-03-19,20,Male,O+,22.6,"80/27
Subramaniam Street",560023,Osteoporosis,79,23
4969,4970,P4970-7612-2,Kismat Lall,1976-12-11,48,Female,A+,22.7,"46, Kulkarni Ganj",570010,Asthma,80,80
4970,4971,P4971-5908-1,Piya Majumdar,1959-08-15,65,Male,B+,21.9,"H.No. 284, Subramaniam Circle",560200,Gout,72,41
4971,4972,P4972-6504-2,Anay Ahuja,1965-04-12,60,Female,A+,25.4,"H.No. 03, Sheth Ganj",562010,Osteoporosis,107,70
4972,4973,P4973-6804-1,Tejas Rao,1968-04-27,57,Male,O+,22.6,"700
Korpal Street",571008,Asthma,79,88
4973,4974,P4974-4607-2,Sumer Ganesh,1946-07-01,79,Female,O-,25.3,"H.No. 474
Gandhi Ganj",562005,Dementia,106,65
4974,4975,P4975-6506-2,Kiara Thakur,1965-06-15,60,Female,O+,22.6,"48/809
Tank Zila",570009,Dementia,79,79
4975,4976,P4976-6103-2,Hazel Lata,1961-03-15,64,Female,O-,22.1,"42/107
Chakrabarti Street",560017,Hypertension,74,17
4976,4977,P4977-5105-2,Faiyaz Bhandari,1951-05-02,74,Female,O+,27.4,"26/073
D’Alia Road",560019,Osteoporosis,127,19
4977,4978,P4978-5608-1,Biju Singhal,1956-08-06,68,Male,B-,27.8,"11, Sarraf Chowk",560101,Epilepsy,131,32
4978,4979,P4979-5012-1,Neysa Sachar,1950-12-01,74,Male,A+,26.5,"H.No. 15, Walia Ganj",560012,Epilepsy,118,12
4979,4980,P4980-8107-1,Misha Malhotra,1981-07-05,44,Male,B+,27.6,"539
Mand Street",570009,Osteoporosis,129,79
4980,4981,P4981-9110-2,Jayant Yogi,1991-10-02,33,Female,B+,22.5,"45
Mann Marg",560026,Epilepsy,78,26
4981,4982,P4982-7309-1,Tushar Gola,1973-09-01,51,Male,B-,23.9,"H.No. 160, Gokhale Circle",560002,Osteoporosis,92,2
4982,4983,P4983-0012-2,Suhana Srivastava,2000-12-08,24,Female,O-,24.5,"16/168, Balan Street",562010,Dementia,98,70
4983,4984,P4984-0412-1,Ojas Randhawa,2004-12-10,20,Male,O+,24.0,"860
Bumb Zila",561006,Healthy,93,56
4984,4985,P4985-4306-1,Ishaan Bora,1943-06-22,82,Male,A-,25.5,"H.No. 19, Sunder Chowk",570010,Epilepsy,108,80
4985,4986,P4986-6109-1,Ayesha Iyer,1961-09-24,63,Male,O+,25.5,"51/878
Rao Zila",560017,Osteoporosis,108,17
4986,4987,P4987-7210-2,Kismat Acharya,1972-10-10,52,Female,A+,26.2,"79
Bala Street",562008,Diabetes,115,68
4987,4988,P4988-6704-1,Adira Dar,1967-04-09,58,Male,O+,23.6,"H.No. 015, Sharaf Ganj",560003,Depression,89,3
4988,4989,P4989-0212-1,Jiya Gala,2002-12-14,22,Male,B-,25.8,"37/911
Rattan Ganj",570003,Asthma,111,73
4989,4990,P4990-9705-1,Prerak Gola,1997-05-27,28,Male,A-,25.8,"466
Venkataraman Marg",561005,Hypertension,111,55
4990,4991,P4991-4306-2,Armaan Bhattacharyya,1943-06-22,82,Female,O+,25.4,"22/489
Khosla Chowk",570006,Depression,107,76
4991,4992,P4992-8905-1,Kabir Mander,1989-05-05,36,Male,B-,22.5,"H.No. 638, Vyas Ganj",560023,Asthma,78,23
4992,4993,P4993-8208-2,Siya Ganesan,1982-08-10,42,Female,AB+,24.4,"59
Deo Circle",560023,Osteoporosis,97,23
4993,4994,P4994-9605-1,Aarna Chhabra,1996-05-19,29,Male,B+,27.1,"619, Dube Path",560027,Hypertension,124,27
4994,4995,P4995-8611-1,Kashvi Venkataraman,1986-11-08,38,Male,B-,24.8,"H.No. 87, Yadav Ganj",570005,Epilepsy,101,75
4995,4996,P4996-7511-2,Eshani Vig,1975-11-02,49,Female,O+,22.1,"53
Bhalla Nagar",562005,Hypertension,74,65
4996,4997,P4997-0205-1,Lavanya Batta,2002-05-16,23,Male,AB+,22.9,"422, Khosla Zila",570009,Asthma,82,79
4997,4998,P4998-0501-1,Jayan Deep,2005-01-12,20,Male,O+,28.2,"H.No. 070
Rao Ganj",560004,Epilepsy,135,4
4998,4999,P4999-5106-1,Shlok Sarraf,1951-06-01,74,Male,O+,23.4,"H.No. 98
Soni Chowk",560209,Healthy,87,50
4999,5000,P5000-6909-2,Zaina Badal,1969-09-11,55,Female,O+,21.6,"47, Korpal Street",571007,Healthy,69,87
